0 0.40234375 0.18515625 0.33046875 0.10078125
0 0.765625 0.315625 0.325 0.09921875
1 0.4078125 0.31640625 0.33828125 0.1078125
1 0.40390625 0.05859375 0.33046875 0.10390625
1 0.40625 0.45 0.33828125 0.1078125
1 0.41640625 0.5828125 0.3140625 0.10078125
1 0.41640625 0.7125 0.32890625 0.10078125
1 0.415625 0.8578125 0.32734375 0.1171875
1 0.76953125 0.85234375 0.31015625 0.10625
1 0.775 0.5796875 0.340625 0.1078125
1 0.771875 0.4453125 0.33671875 0.1109375
1 0.7671875 0.18203125 0.32734375 0.1078125
1 0.76953125 0.05546875 0.31796875 0.09765625
0 0.771875 0.7109375 0.325 0.1078125