0 0.403125 0.18359375 0.34765625 0.1046875
0 0.7671875 0.31484375 0.33125 0.1046875
0 0.77109375 0.7109375 0.33125 0.11796875
1 0.77421875 0.8484375 0.33125 0.12421875
1 0.41484375 0.85546875 0.33828125 0.12421875
1 0.4125 0.715625 0.34765625 0.11484375
1 0.41484375 0.58203125 0.32109375 0.1078125
1 0.77265625 0.578125 0.328125 0.11171875
1 0.41171875 0.44921875 0.33125 0.1046875
1 0.7703125 0.44921875 0.3296875 0.1109375
1 0.40859375 0.31640625 0.33359375 0.1046875
1 0.76640625 0.1828125 0.3296875 0.103125
1 0.40234375 0.0578125 0.328125 0.1
1 0.771875 0.05546875 0.3265625 0.1015625