1 0.3875 0.05546875 0.3734375 0.10625
1 0.3984375 0.3125 0.3515625 0.11875
1 0.396875 0.4453125 0.34921875 0.12265625
1 0.40078125 0.57421875 0.35625 0.12265625
1 0.40078125 0.7078125 0.35625 0.1203125
1 0.41015625 0.84375 0.3515625 0.12265625
1 0.759375 0.05546875 0.346875 0.0984375
1 0.75625 0.17578125 0.33515625 0.12265625
1 0.75859375 0.440625 0.34453125 0.11640625
1 0.76640625 0.5734375 0.346875 0.1203125
1 0.76796875 0.83984375 0.34921875 0.11875
0 0.3921875 0.17890625 0.36875 0.11640625
0 0.75859375 0.3046875 0.34453125 0.11875
0 0.76796875 0.7046875 0.34921875 0.11875