0 0.39140625 0.18515625 0.3265625 0.1015625
1 0.7625 0.3171875 0.328125 0.103125
0 0.76328125 0.7125 0.3265625 0.1
1 0.771875 0.84765625 0.3265625 0.11328125
1 0.40625 0.8578125 0.32421875 0.11640625
1 0.40859375 0.71484375 0.340625 0.1109375
1 0.41171875 0.58359375 0.32421875 0.11328125
1 0.77109375 0.5796875 0.3421875 0.1
1 0.4015625 0.44765625 0.3265625 0.11328125
1 0.76640625 0.44375 0.33359375 0.103125
1 0.4015625 0.32109375 0.3296875 0.1078125
1 0.7578125 0.18125 0.3296875 0.109375
1 0.39765625 0.0578125 0.32421875 0.10625
1 0.765625 0.05625 0.33515625 0.103125