0 0.39296875 0.18671875 0.33671875 0.0984375
0 0.75859375 0.7125 0.328125 0.10625
1 0.7578125 0.31640625 0.33671875 0.1109375
1 0.39140625 0.31875 0.340625 0.103125
1 0.39140625 0.45078125 0.3296875 0.1046875
1 0.7625 0.44921875 0.33515625 0.11328125
1 0.3984375 0.5828125 0.33671875 0.109375
1 0.7703125 0.57890625 0.34375 0.1078125
1 0.39765625 0.71484375 0.33828125 0.1109375
1 0.39921875 0.8515625 0.3421875 0.1078125
1 0.76171875 0.8546875 0.3265625 0.11953125
1 0.759375 0.1859375 0.33359375 0.1
1 0.38515625 0.059375 0.33125 0.1046875
1 0.75703125 0.05625 0.31015625 0.09765625