0 0.3546875 0.1921875 0.340625 0.109375
1 0.35546875 0.06171875 0.3234375 0.1140625
1 0.36015625 0.328125 0.340625 0.09921875
1 0.36015625 0.4578125 0.340625 0.10234375
1 0.3609375 0.58828125 0.334375 0.10234375
1 0.36171875 0.71953125 0.340625 0.10234375
1 0.36640625 0.8609375 0.35 0.1234375
1 0.7296875 0.85703125 0.32734375 0.11875
1 0.72109375 0.71875 0.33671875 0.1171875
1 0.72578125 0.5828125 0.334375 0.1140625
1 0.72265625 0.453125 0.3328125 0.1125
1 0.7265625 0.321875 0.34375 0.109375
1 0.715625 0.1890625 0.325 0.109375
1 0.7171875 0.059375 0.32109375 0.10625