1 0.39140625 0.0546875 0.36171875 0.10546875
1 0.39765625 0.3109375 0.36171875 0.11640625
1 0.396875 0.44609375 0.359375 0.125
1 0.403125 0.57578125 0.359375 0.11953125
1 0.4078125 0.70859375 0.35078125 0.1234375
1 0.4078125 0.84453125 0.35546875 0.125
1 0.765625 0.83984375 0.346875 0.12734375
1 0.76640625 0.5734375 0.3578125 0.125
1 0.76328125 0.44140625 0.35078125 0.1234375
1 0.7578125 0.17890625 0.3484375 0.121875
1 0.7609375 0.05546875 0.35078125 0.10703125
0 0.39765625 0.1796875 0.3578125 0.11953125
0 0.7640625 0.309375 0.3484375 0.11796875
0 0.76640625 0.70859375 0.353125 0.11953125