0 0.365625 0.190625 0.34375 0.10234375
0 0.73515625 0.7140625 0.33046875 0.10390625
1 0.3734375 0.05625 0.340625 0.10234375
1 0.37109375 0.321875 0.340625 0.10234375
1 0.36875 0.4515625 0.3421875 0.09921875
1 0.3734375 0.5859375 0.3328125 0.09765625
1 0.37421875 0.7171875 0.32734375 0.09453125
1 0.3796875 0.85625 0.30859375 0.09765625
1 0.7375 0.853125 0.31796875 0.1140625
1 0.7375 0.584375 0.340625 0.1109375
1 0.734375 0.45234375 0.3328125 0.1078125
1 0.759375 0.31875 0.37578125 0.109375
1 0.72734375 0.18828125 0.3234375 0.09453125
1 0.73203125 0.0578125 0.31796875 0.10234375