1 0.3421875 0.0609375 0.35078125 0.121875
1 0.6984375 0.05625 0.34453125 0.1125
1 0.703125 0.1875 0.33984375 0.1234375
1 0.7015625 0.315625 0.35078125 0.125
1 0.70390625 0.446875 0.35546875 0.134375
1 0.70859375 0.5796875 0.35546875 0.1234375
1 0.70859375 0.7125 0.35546875 0.12734375
1 0.7171875 0.84375 0.359375 0.12734375
1 0.34296875 0.31953125 0.36171875 0.1234375
1 0.34296875 0.45234375 0.36171875 0.12734375
1 0.34453125 0.58515625 0.359375 0.13125
1 0.35078125 0.71875 0.35546875 0.121875
1 0.35390625 0.85 0.3484375 0.12890625
0 0.34453125 0.1875 0.35546875 0.11953125