0 0.38671875 0.190625 0.328125 0.1
0 0.7578125 0.71484375 0.32265625 0.1078125
1 0.75 0.31875 0.33125 0.103125
1 0.3921875 0.3203125 0.328125 0.10625
1 0.3921875 0.4546875 0.3453125 0.1078125
1 0.75703125 0.4484375 0.33125 0.1
1 0.39140625 0.5859375 0.33359375 0.1046875
1 0.77265625 0.58125 0.34921875 0.103125
1 0.39453125 0.7171875 0.34375 0.1046875
1 0.3953125 0.86171875 0.33515625 0.11171875
1 0.7640625 0.8546875 0.328125 0.1078125
1 0.7515625 0.18359375 0.33125 0.1015625
1 0.39296875 0.05625 0.34375 0.109375
1 0.75546875 0.05625 0.328125 0.109375