1 0.39609375 0.05546875 0.36171875 0.1109375
1 0.40234375 0.3109375 0.3578125 0.11953125
1 0.40234375 0.44140625 0.3578125 0.11953125
1 0.403125 0.57734375 0.35546875 0.12890625
1 0.4078125 0.7125 0.35546875 0.12734375
1 0.409375 0.84453125 0.353125 0.125
1 0.77265625 0.83671875 0.34453125 0.11796875
1 0.76875 0.5734375 0.353125 0.121875
1 0.7640625 0.440625 0.34453125 0.121875
1 0.7609375 0.17578125 0.346875 0.1234375
1 0.765625 0.053125 0.353125 0.10625
0 0.40234375 0.18046875 0.36171875 0.121875
0 0.76328125 0.3125 0.346875 0.1234375
0 0.76875 0.7078125 0.3484375 0.125