0 0.37890625 0.1875 0.3328125 0.09921875
1 0.74296875 0.31875 0.33515625 0.11171875
1 0.73984375 0.45234375 0.32421875 0.1046875
1 0.7546875 0.58125 0.34765625 0.103125
1 0.75078125 0.8484375 0.340625 0.11328125
1 0.3875 0.8546875 0.33359375 0.11640625
1 0.3828125 0.7140625 0.340625 0.109375
1 0.38359375 0.58515625 0.33515625 0.1078125
1 0.38125 0.4515625 0.3453125 0.103125
1 0.38359375 0.32109375 0.33828125 0.1078125
1 0.378125 0.059375 0.33125 0.103125
0 0.7484375 0.71640625 0.328125 0.1015625