1 0.340625 0.0609375 0.3578125 0.121875
1 0.34765625 0.3234375 0.3578125 0.11953125
1 0.34765625 0.45234375 0.3484375 0.1234375
1 0.35 0.58359375 0.3484375 0.12734375
1 0.35234375 0.7171875 0.34453125 0.12890625
1 0.353125 0.84921875 0.346875 0.1234375
1 0.7125 0.84921875 0.3421875 0.12734375
1 0.71015625 0.71640625 0.3421875 0.1234375
1 0.71171875 0.5796875 0.353125 0.1234375
1 0.70703125 0.45 0.33984375 0.121875
1 0.69921875 0.31796875 0.3375 0.1234375
1 0.70078125 0.1859375 0.34453125 0.125
1 0.70625 0.06171875 0.346875 0.10859375
0 0.3453125 0.19140625 0.3484375 0.121875