1 0.39375 0.05390625 0.36875 0.1078125
1 0.75703125 0.05390625 0.3515625 0.1078125
1 0.7609375 0.175 0.346875 0.125
1 0.76953125 0.44140625 0.359375 0.1234375
1 0.76953125 0.57421875 0.35546875 0.12734375
1 0.77421875 0.83984375 0.346875 0.12734375
1 0.4078125 0.84140625 0.359375 0.12734375
1 0.4078125 0.70859375 0.359375 0.12734375
1 0.403125 0.57265625 0.359375 0.12734375
1 0.39921875 0.4421875 0.3640625 0.125
1 0.39609375 0.3140625 0.36171875 0.134375
0 0.77109375 0.31171875 0.3578125 0.12890625
0 0.77109375 0.7078125 0.3484375 0.12890625
0 0.39765625 0.1796875 0.3578125 0.1234375