0 0.40078125 0.18671875 0.3421875 0.1078125
0 0.76875 0.3171875 0.32265625 0.11171875
0 0.77109375 0.71015625 0.33828125 0.1078125
1 0.4171875 0.8546875 0.33359375 0.11953125
1 0.78359375 0.85546875 0.328125 0.11171875
1 0.4125 0.7171875 0.33359375 0.1078125
1 0.4140625 0.58359375 0.3296875 0.1046875
1 0.78046875 0.58046875 0.340625 0.1078125
1 0.41328125 0.44921875 0.3421875 0.11328125
1 0.77890625 0.44921875 0.33359375 0.1109375
1 0.40625 0.31796875 0.3453125 0.11328125
1 0.76875 0.1828125 0.33671875 0.11484375
1 0.40625 0.0546875 0.33828125 0.10625
1 0.76953125 0.05078125 0.3171875 0.1015625