1 0.37265625 0.05859375 0.33125 0.11328125
1 0.73359375 0.05703125 0.32265625 0.1078125
1 0.734375 0.1890625 0.32421875 0.11171875
0 0.365625 0.18984375 0.33125 0.1015625
1 0.3734375 0.3234375 0.340625 0.1015625
1 0.740625 0.3203125 0.340625 0.09453125
1 0.36953125 0.453125 0.33515625 0.109375
1 0.734375 0.45 0.328125 0.109375
1 0.37109375 0.5875 0.33828125 0.0984375
1 0.74375 0.58125 0.340625 0.109375
1 0.38046875 0.7125 0.35078125 0.11796875
1 0.38046875 0.85546875 0.34375 0.11796875
1 0.7359375 0.85546875 0.3171875 0.11796875
0 0.73828125 0.7125 0.32265625 0.10625