0 0.34765625 0.1921875 0.340625 0.1109375
1 0.71875 0.71484375 0.33515625 0.1046875
1 0.71953125 0.8546875 0.31953125 0.11328125
1 0.36171875 0.85625 0.33359375 0.11640625
1 0.36015625 0.7171875 0.33828125 0.11484375
1 0.36171875 0.5875 0.33359375 0.11328125
1 0.7234375 0.58125 0.33828125 0.11171875
1 0.35703125 0.453125 0.35234375 0.11484375
1 0.7203125 0.45234375 0.33125 0.11328125
1 0.35546875 0.32265625 0.3453125 0.11484375
1 0.72265625 0.31875 0.33359375 0.11171875
1 0.7171875 0.190625 0.34765625 0.11796875
1 0.3484375 0.0578125 0.334375 0.11484375
1 0.7171875 0.05859375 0.34765625 0.11328125