0 0.35 0.1921875 0.33828125 0.09609375
0 0.709375 0.7171875 0.30703125 0.103125
1 0.3484375 0.059375 0.33515625 0.11171875
1 0.35234375 0.32421875 0.34765625 0.103125
1 0.353125 0.45390625 0.34921875 0.1
1 0.3515625 0.590625 0.3453125 0.08984375
1 0.35625 0.71953125 0.35078125 0.09140625
1 0.35546875 0.859375 0.35234375 0.1078125
1 0.7140625 0.8546875 0.30546875 0.1078125
1 0.728125 0.58203125 0.33671875 0.1046875
1 0.71875 0.45234375 0.328125 0.1046875
1 0.72578125 0.3203125 0.34921875 0.10625
1 0.72265625 0.18828125 0.33359375 0.1078125
1 0.72109375 0.05625 0.32265625 0.10625