0 0.39453125 0.18828125 0.34765625 0.1109375
1 0.7671875 0.31796875 0.3421875 0.1078125
0 0.765625 0.71171875 0.328125 0.1078125
1 0.39453125 0.0578125 0.33671875 0.10625
1 0.7625 0.05625 0.32421875 0.09765625
1 0.76171875 0.18125 0.33359375 0.10625
1 0.39921875 0.31875 0.3453125 0.109375
1 0.39921875 0.453125 0.3421875 0.10625
1 0.7625 0.4484375 0.328125 0.10625
1 0.40234375 0.58046875 0.33828125 0.1078125
1 0.76875 0.57890625 0.33671875 0.1109375
1 0.4078125 0.7171875 0.3453125 0.1109375
1 0.40625 0.8515625 0.33828125 0.1109375
1 0.7703125 0.85 0.33359375 0.12265625