0 0.72734375 0.7140625 0.31953125 0.09765625
0 0.36171875 0.18984375 0.340625 0.09765625
1 0.3671875 0.0625 0.33671875 0.109375
1 0.3671875 0.31953125 0.3328125 0.09453125
1 0.37109375 0.4484375 0.33671875 0.09453125
1 0.3765625 0.584375 0.31796875 0.09765625
1 0.3734375 0.71328125 0.340625 0.09609375
1 0.378125 0.85625 0.334375 0.1203125
1 0.73046875 0.853125 0.29921875 0.1078125
1 0.7421875 0.5796875 0.34609375 0.1078125
1 0.73203125 0.453125 0.340625 0.109375
1 0.74609375 0.31953125 0.3609375 0.1109375
1 0.7234375 0.18671875 0.31171875 0.10390625
1 0.7265625 0.05859375 0.30625 0.09765625