0 0.3796875 0.18984375 0.3421875 0.0984375
1 0.7515625 0.3171875 0.328125 0.1
0 0.7484375 0.715625 0.3171875 0.103125
1 0.39140625 0.85703125 0.33671875 0.12109375
1 0.75703125 0.8515625 0.32421875 0.11328125
1 0.3953125 0.7171875 0.33828125 0.11640625
1 0.3921875 0.58515625 0.33125 0.11328125
1 0.76015625 0.584375 0.3453125 0.109375
1 0.390625 0.45078125 0.33828125 0.1078125
1 0.75 0.45078125 0.32109375 0.1109375
1 0.3953125 0.31953125 0.32421875 0.1109375
1 0.75 0.18515625 0.33828125 0.1078125
1 0.38671875 0.0609375 0.33515625 0.1078125
1 0.753125 0.05546875 0.33125 0.1046875