1 0.39609375 0.05703125 0.3609375 0.1109375
1 0.75703125 0.053125 0.3515625 0.10625
1 0.759375 0.17734375 0.346875 0.125
1 0.765625 0.440625 0.35390625 0.1203125
1 0.77421875 0.57421875 0.36640625 0.1265625
1 0.76796875 0.8390625 0.34453125 0.125
1 0.4046875 0.84453125 0.35390625 0.1328125
1 0.4015625 0.7109375 0.35390625 0.1265625
1 0.4046875 0.5765625 0.35390625 0.1265625
1 0.40546875 0.44453125 0.3515625 0.125
1 0.403125 0.3125 0.3515625 0.12265625
0 0.39921875 0.17890625 0.35859375 0.1203125
0 0.7640625 0.30703125 0.3484375 0.11953125
0 0.76640625 0.70859375 0.3484375 0.11953125