0 0.3359375 0.19296875 0.33515625 0.11171875
1 0.70625 0.71640625 0.33125 0.1109375
1 0.34453125 0.715625 0.33515625 0.109375
1 0.3453125 0.8578125 0.3265625 0.11328125
1 0.70859375 0.85546875 0.3265625 0.11484375
1 0.35 0.58671875 0.33125 0.11484375
1 0.71171875 0.58203125 0.3421875 0.11640625
1 0.340625 0.453125 0.34375 0.109375
1 0.703125 0.45234375 0.3296875 0.1109375
1 0.3421875 0.32265625 0.34375 0.11640625
1 0.7046875 0.3203125 0.33515625 0.11171875
1 0.69765625 0.190625 0.32421875 0.11796875
1 0.34140625 0.05859375 0.3421875 0.11328125
1 0.70234375 0.059375 0.33125 0.109375