0 0.3921875 0.18125 0.33515625 0.103125
0 0.76015625 0.30859375 0.32421875 0.10625
0 0.76640625 0.70859375 0.3265625 0.1078125
1 0.7671875 0.8453125 0.33125 0.11484375
1 0.4078125 0.84921875 0.33828125 0.11796875
1 0.40078125 0.70859375 0.33828125 0.1109375
1 0.40234375 0.57890625 0.33125 0.11328125
1 0.76953125 0.57578125 0.33125 0.11328125
1 0.4015625 0.44609375 0.340625 0.11328125
1 0.7625 0.4453125 0.33125 0.11484375
1 0.40078125 0.31484375 0.33515625 0.1046875
1 0.75625 0.178125 0.33359375 0.11484375
1 0.39296875 0.0546875 0.34375 0.10625
1 0.7640625 0.05078125 0.33125 0.1015625