0 0.36015625 0.19375 0.32421875 0.1015625
0 0.7328125 0.7125 0.33125 0.103125
1 0.36953125 0.325 0.328125 0.1046875
1 0.36953125 0.453125 0.33515625 0.103125
1 0.3671875 0.58828125 0.32421875 0.1
1 0.36953125 0.721875 0.33125 0.1015625
1 0.371875 0.8609375 0.33671875 0.1046875
1 0.7359375 0.85625 0.32421875 0.1109375
1 0.74296875 0.58125 0.35625 0.11171875
1 0.73359375 0.45234375 0.340625 0.11328125
1 0.7625 0.32265625 0.39453125 0.109375
1 0.7296875 0.19140625 0.340625 0.11484375
1 0.365625 0.05859375 0.33828125 0.1109375
1 0.7296875 0.05703125 0.3265625 0.1109375