0 0.34453125 0.18984375 0.35390625 0.11875
1 0.71328125 0.84765625 0.34921875 0.1265625
1 0.71640625 0.7140625 0.3515625 0.11640625
1 0.7140625 0.58203125 0.3515625 0.12265625
1 0.71015625 0.45390625 0.34453125 0.11875
1 0.7078125 0.31953125 0.34921875 0.11640625
1 0.70703125 0.18671875 0.346875 0.125
1 0.7078125 0.0578125 0.35234375 0.11484375
1 0.36015625 0.8515625 0.3421875 0.12265625
1 0.35625 0.71640625 0.33984375 0.125
1 0.35625 0.58203125 0.35390625 0.12265625
1 0.3578125 0.45390625 0.3515625 0.12265625
1 0.346875 0.321875 0.35390625 0.12890625
1 0.3484375 0.06171875 0.36640625 0.12265625