0 0.34609375 0.190625 0.32734375 0.09921875
0 0.72109375 0.71171875 0.32109375 0.1125
1 0.35625 0.321875 0.34375 0.109375
1 0.36015625 0.44921875 0.34765625 0.10625
1 0.3734375 0.5828125 0.30234375 0.09453125
1 0.3671875 0.7171875 0.33671875 0.09453125
1 0.36875 0.8546875 0.33046875 0.1078125
1 0.7234375 0.853125 0.3234375 0.1171875
1 0.7328125 0.5828125 0.35 0.1109375
1 0.7265625 0.45234375 0.33671875 0.1109375
1 0.7265625 0.3203125 0.340625 0.109375
1 0.709375 0.1875 0.3140625 0.115625
1 0.72578125 0.05859375 0.31953125 0.1078125
1 0.3609375 0.05859375 0.334375 0.1109375