1 0.409375 0.0578125 0.375 0.115625
1 0.409375 0.31640625 0.3578125 0.1234375
1 0.41484375 0.45 0.346875 0.125
1 0.77421875 0.446875 0.35078125 0.1234375
1 0.76875 0.1828125 0.34453125 0.121875
1 0.76875 0.05625 0.3484375 0.1125
1 0.77734375 0.575 0.3578125 0.121875
1 0.77734375 0.840625 0.3484375 0.11796875
1 0.4234375 0.84609375 0.3640625 0.121875
1 0.41796875 0.7125 0.3484375 0.1234375
1 0.41484375 0.578125 0.35078125 0.1234375
0 0.41015625 0.184375 0.3640625 0.125
0 0.77265625 0.3140625 0.3578125 0.11953125
0 0.7796875 0.71171875 0.353125 0.12890625