0 0.38671875 0.19140625 0.33125 0.1
1 0.7546875 0.31875 0.3265625 0.10625
0 0.7546875 0.7171875 0.33359375 0.1078125
1 0.38359375 0.715625 0.34921875 0.103125
1 0.39140625 0.58671875 0.3265625 0.10625
1 0.759375 0.58125 0.3296875 0.10625
1 0.396875 0.45625 0.340625 0.1109375
1 0.75703125 0.45390625 0.33515625 0.109375
1 0.38984375 0.32265625 0.3265625 0.109375
1 0.74921875 0.1875 0.3296875 0.109375
1 0.38828125 0.0609375 0.33515625 0.11328125
1 0.7515625 0.059375 0.32421875 0.1109375
1 0.396875 0.8578125 0.33671875 0.11640625
1 0.759375 0.853125 0.3265625 0.11328125