0 0.35 0.1890625 0.34609375 0.09921875
0 0.70859375 0.7140625 0.31171875 0.10078125
1 0.35546875 0.05859375 0.33046875 0.10390625
1 0.353125 0.32578125 0.33828125 0.09765625
1 0.353125 0.45703125 0.353125 0.10390625
1 0.34765625 0.5921875 0.35 0.09609375
1 0.36171875 0.715625 0.3328125 0.09765625
1 0.3671875 0.86015625 0.33671875 0.115625
1 0.7171875 0.85234375 0.325 0.1125
1 0.72734375 0.58125 0.35703125 0.1171875
1 0.7171875 0.4515625 0.34765625 0.1125
1 0.72109375 0.32109375 0.3515625 0.1140625
1 0.71796875 0.18671875 0.35 0.1109375
1 0.72109375 0.0578125 0.3140625 0.09609375