0 0.38828125 0.190625 0.33515625 0.10625
1 0.74921875 0.3203125 0.32265625 0.11171875
0 0.753125 0.715625 0.32109375 0.10625
1 0.7546875 0.853125 0.31953125 0.11640625
1 0.41171875 0.85703125 0.3171875 0.11796875
1 0.40625 0.715625 0.33125 0.109375
1 0.40546875 0.5859375 0.315625 0.11171875
1 0.7625 0.58046875 0.33828125 0.11328125
1 0.7546875 0.4515625 0.340625 0.11171875
1 0.39375 0.45390625 0.3453125 0.11328125
1 0.3921875 0.3234375 0.3421875 0.1046875
1 0.75546875 0.184375 0.33125 0.103125
1 0.38828125 0.059375 0.328125 0.11328125
1 0.75625 0.0578125 0.3265625 0.10625