1 0.346875 0.05546875 0.33828125 0.1078125
1 0.71484375 0.05703125 0.32421875 0.11328125
1 0.71015625 0.1875 0.32265625 0.109375
1 0.7171875 0.31953125 0.33671875 0.1078125
1 0.35859375 0.32265625 0.33828125 0.11328125
1 0.353125 0.4515625 0.33515625 0.10625
1 0.715625 0.453125 0.33671875 0.11171875
1 0.721875 0.58359375 0.35234375 0.11328125
1 0.3578125 0.58671875 0.3296875 0.10625
1 0.35546875 0.7203125 0.33828125 0.1109375
1 0.7265625 0.7171875 0.35078125 0.103125
1 0.7171875 0.8515625 0.340625 0.11640625
1 0.3546875 0.85703125 0.33359375 0.11796875
0 0.34765625 0.190625 0.3265625 0.103125