0 0.3984375 0.184375 0.32734375 0.09609375
0 0.7578125 0.315625 0.315625 0.09609375
0 0.7703125 0.7140625 0.33046875 0.1109375
1 0.40703125 0.053125 0.32890625 0.10234375
1 0.40546875 0.31953125 0.340625 0.10078125
1 0.40546875 0.45 0.340625 0.1078125
1 0.4203125 0.58125 0.30234375 0.09453125
1 0.42421875 0.7125 0.31015625 0.10078125
1 0.42734375 0.8578125 0.31796875 0.1109375
1 0.76015625 0.05234375 0.29140625 0.08828125
1 0.76015625 0.18046875 0.30234375 0.10078125
1 0.76328125 0.44453125 0.315625 0.09609375
1 0.7765625 0.578125 0.33046875 0.10390625
1 0.76953125 0.85390625 0.32109375 0.1125