0 0.3859375 0.18515625 0.3265625 0.1015625
1 0.74453125 0.31796875 0.31015625 0.1015625
0 0.75703125 0.71484375 0.328125 0.1078125
1 0.759375 0.8515625 0.3296875 0.11328125
1 0.3953125 0.85546875 0.328125 0.11796875
1 0.39921875 0.7140625 0.34921875 0.103125
1 0.38515625 0.584375 0.33828125 0.103125
1 0.7625 0.58046875 0.33828125 0.1078125
1 0.39375 0.4515625 0.33515625 0.103125
1 0.759375 0.44765625 0.33359375 0.1046875
1 0.3953125 0.31953125 0.33125 0.1015625
1 0.75078125 0.18671875 0.31953125 0.1015625
1 0.39375 0.06015625 0.33125 0.103125
1 0.75859375 0.0578125 0.31015625 0.09453125