0 0.37890625 0.1890625 0.34375 0.1
0 0.74765625 0.715625 0.3296875 0.109375
1 0.38828125 0.715625 0.33828125 0.11171875
1 0.38828125 0.58671875 0.33515625 0.11171875
1 0.3859375 0.45234375 0.34375 0.1078125
1 0.3859375 0.32265625 0.33671875 0.11171875
1 0.37734375 0.06015625 0.34765625 0.11484375
1 0.74375 0.059375 0.3296875 0.11328125
1 0.74296875 0.1875 0.33515625 0.10625
1 0.75078125 0.321875 0.34375 0.109375
1 0.7484375 0.4515625 0.3421875 0.11171875
1 0.7546875 0.58359375 0.34375 0.1109375
1 0.7515625 0.85234375 0.33125 0.12109375
1 0.39453125 0.86484375 0.35078125 0.11328125