0 0.35546875 0.1890625 0.33046875 0.10234375
0 0.721875 0.7140625 0.3234375 0.10390625
1 0.359375 0.059375 0.3421875 0.1125
1 0.3625 0.3234375 0.35 0.10625
1 0.36171875 0.45625 0.340625 0.09609375
1 0.36875 0.590625 0.315625 0.10234375
1 0.36953125 0.72109375 0.33671875 0.09296875
1 0.36640625 0.85078125 0.3234375 0.10234375
1 0.72734375 0.8546875 0.334375 0.1203125
1 0.73984375 0.58203125 0.3515625 0.1125
1 0.7234375 0.4515625 0.3234375 0.10234375
1 0.75 0.3171875 0.371875 0.109375
1 0.725 0.18671875 0.32890625 0.10078125
1 0.73125 0.0578125 0.315625 0.10234375