0 0.39921875 0.18203125 0.33515625 0.1015625
0 0.76328125 0.3109375 0.32265625 0.1
0 0.7703125 0.70703125 0.33359375 0.1015625
1 0.4140625 0.853125 0.33671875 0.1078125
1 0.77265625 0.846875 0.328125 0.11171875
1 0.40625 0.70859375 0.34921875 0.11953125
1 0.40234375 0.57890625 0.35234375 0.11328125
1 0.7765625 0.57421875 0.3421875 0.1109375
1 0.40234375 0.44921875 0.34921875 0.1046875
1 0.76875 0.4421875 0.3296875 0.11171875
1 0.40078125 0.3140625 0.33515625 0.103125
1 0.765625 0.178125 0.33828125 0.11796875
1 0.3984375 0.05546875 0.33359375 0.1046875
1 0.76015625 0.0515625 0.3171875 0.1