0 0.35625 0.18984375 0.3328125 0.09453125
0 0.7265625 0.71171875 0.32109375 0.09921875
1 0.36640625 0.05546875 0.3421875 0.09765625
1 0.3640625 0.32265625 0.34375 0.10390625
1 0.36875 0.45 0.33828125 0.10390625
1 0.375 0.5859375 0.32109375 0.09765625
1 0.375 0.7140625 0.32890625 0.09453125
1 0.3765625 0.86015625 0.32890625 0.10625
1 0.7296875 0.85390625 0.31171875 0.1125
1 0.7390625 0.58046875 0.34609375 0.10625
1 0.73046875 0.4515625 0.325 0.10625
1 0.7296875 0.31796875 0.3421875 0.1078125
1 0.725 0.18984375 0.325 0.1078125
1 0.72734375 0.0546875 0.30859375 0.09296875