0 0.3734375 0.190625 0.33671875 0.1046875
0 0.74140625 0.7171875 0.32421875 0.1109375
1 0.74765625 0.8578125 0.3296875 0.11953125
1 0.3875 0.8578125 0.340625 0.12265625
1 0.38515625 0.71796875 0.3421875 0.11484375
1 0.3859375 0.58671875 0.33359375 0.10625
1 0.75078125 0.584375 0.33671875 0.11484375
1 0.3828125 0.45390625 0.33359375 0.11328125
1 0.75078125 0.453125 0.340625 0.11171875
1 0.3828125 0.32265625 0.340625 0.11171875
1 0.75078125 0.32109375 0.34375 0.11640625
1 0.73984375 0.1890625 0.328125 0.11484375
1 0.371875 0.0578125 0.34765625 0.11484375
1 0.74453125 0.0578125 0.32421875 0.11484375