1 0.4 0.05390625 0.36875 0.1078125
1 0.40546875 0.3125 0.359375 0.1125
1 0.40703125 0.446875 0.36640625 0.12734375
1 0.409375 0.5828125 0.3578125 0.121875
1 0.41328125 0.715625 0.3578125 0.12890625
1 0.415625 0.84375 0.353125 0.1234375
1 0.77421875 0.83984375 0.346875 0.13125
1 0.77421875 0.5734375 0.35078125 0.11796875
1 0.76875 0.446875 0.3484375 0.1234375
1 0.76640625 0.17890625 0.353125 0.121875
1 0.76875 0.05390625 0.35625 0.1078125
0 0.40234375 0.18359375 0.3578125 0.1234375
0 0.76953125 0.31171875 0.35546875 0.121875
0 0.7765625 0.7078125 0.35546875 0.11796875