1 0.40703125 0.0546875 0.33671875 0.103125
1 0.77421875 0.05703125 0.33125 0.1015625
1 0.7671875 0.184375 0.3140625 0.109375
1 0.41875 0.31953125 0.3171875 0.1015625
1 0.4171875 0.4515625 0.33359375 0.109375
1 0.77109375 0.446875 0.3171875 0.103125
1 0.7828125 0.5828125 0.33671875 0.10625
1 0.41875 0.5828125 0.3171875 0.1
1 0.415625 0.71640625 0.3296875 0.1078125
0 0.771875 0.71484375 0.315625 0.1046875
1 0.41640625 0.85390625 0.3421875 0.12109375
1 0.77265625 0.8515625 0.3140625 0.11953125
0 0.76875 0.31640625 0.3265625 0.1015625
0 0.403125 0.18828125 0.34375 0.1046875