1 0.3921875 0.05625 0.36875 0.1125
1 0.7625 0.05234375 0.346875 0.1046875
1 0.76328125 0.18125 0.3421875 0.11953125
1 0.76875 0.44375 0.353125 0.1234375
1 0.77421875 0.575 0.359375 0.125
1 0.771875 0.8390625 0.346875 0.121875
1 0.41484375 0.8421875 0.35546875 0.121875
1 0.415625 0.7109375 0.3484375 0.12734375
1 0.415625 0.575 0.34453125 0.12890625
1 0.40703125 0.44453125 0.3703125 0.125
1 0.39921875 0.31328125 0.359375 0.12890625
0 0.77109375 0.309375 0.3484375 0.12890625
0 0.39453125 0.17890625 0.37265625 0.12890625
0 0.775 0.70859375 0.3578125 0.13125