0 0.34453125 0.18984375 0.32890625 0.09765625
1 0.3484375 0.05546875 0.3328125 0.1109375
1 0.3484375 0.32109375 0.340625 0.09453125
1 0.35078125 0.45234375 0.3328125 0.10078125
1 0.359375 0.5828125 0.3234375 0.10390625
1 0.36484375 0.71640625 0.32734375 0.09921875
1 0.36171875 0.8578125 0.32890625 0.1140625
1 0.71171875 0.85234375 0.3140625 0.11875
1 0.725 0.71640625 0.3328125 0.109375
1 0.71796875 0.58203125 0.334375 0.115625
1 0.7125 0.4515625 0.334375 0.1125
1 0.715625 0.31796875 0.34375 0.1171875
1 0.709375 0.18828125 0.3328125 0.1078125
1 0.71171875 0.05546875 0.325 0.10390625