0 0.3953125 0.18046875 0.3421875 0.1078125
0 0.75859375 0.309375 0.33515625 0.109375
0 0.76015625 0.71171875 0.33125 0.1046875
1 0.7640625 0.84609375 0.328125 0.11328125
1 0.40078125 0.8515625 0.34921875 0.11640625
1 0.3984375 0.709375 0.3546875 0.12109375
1 0.40234375 0.57890625 0.33828125 0.1109375
1 0.77109375 0.5765625 0.34921875 0.11484375
1 0.396875 0.44609375 0.34375 0.1109375
1 0.7640625 0.4453125 0.33515625 0.109375
1 0.40234375 0.3125 0.33125 0.11171875
1 0.759375 0.1796875 0.33671875 0.10625
1 0.3953125 0.05859375 0.33125 0.09609375
1 0.75859375 0.05546875 0.32421875 0.08984375