0 0.359375 0.18984375 0.3296875 0.1015625
0 0.72421875 0.7171875 0.3125 0.109375
1 0.36328125 0.05859375 0.33671875 0.1078125
1 0.72890625 0.059375 0.32109375 0.09765625
1 0.72421875 0.1859375 0.32265625 0.10625
1 0.3625 0.32265625 0.3453125 0.1109375
1 0.73671875 0.32109375 0.34765625 0.1015625
1 0.365625 0.45390625 0.33515625 0.10625
1 0.36484375 0.58828125 0.31953125 0.09765625
1 0.73515625 0.58125 0.32265625 0.109375
1 0.37109375 0.71640625 0.33125 0.1078125
1 0.37109375 0.86015625 0.33125 0.11484375
1 0.7296875 0.85390625 0.31953125 0.11484375
1 0.7328125 0.45078125 0.33125 0.11328125