1 0.39765625 0.059375 0.3546875 0.11875
1 0.76171875 0.05546875 0.353125 0.1109375
1 0.76640625 0.18046875 0.3484375 0.125
1 0.77109375 0.44453125 0.36171875 0.121875
1 0.7765625 0.575 0.35546875 0.12890625
1 0.775 0.840625 0.33984375 0.121875
1 0.41796875 0.84375 0.3484375 0.11953125
1 0.41484375 0.71640625 0.346875 0.12734375
1 0.41484375 0.57734375 0.359375 0.125
1 0.409375 0.44609375 0.36171875 0.12890625
1 0.40703125 0.315625 0.36640625 0.125
0 0.771875 0.3140625 0.359375 0.12734375
0 0.40546875 0.18515625 0.35546875 0.11640625
0 0.771875 0.7109375 0.35078125 0.12734375