1 0.4015625 0.059375 0.35 0.11875
1 0.7609375 0.053125 0.34375 0.10625
1 0.7640625 0.1796875 0.3484375 0.1234375
1 0.76875 0.44375 0.353125 0.1234375
1 0.771875 0.57421875 0.359375 0.12734375
1 0.77421875 0.83828125 0.346875 0.1234375
1 0.41640625 0.84609375 0.359375 0.121875
1 0.41015625 0.70859375 0.359375 0.11953125
1 0.4078125 0.575 0.35546875 0.1328125
1 0.4078125 0.3140625 0.35546875 0.12734375
1 0.409375 0.4453125 0.353125 0.1234375
0 0.40703125 0.1828125 0.353125 0.125
0 0.7671875 0.3125 0.35078125 0.1234375
0 0.775 0.71171875 0.34453125 0.125