0 0.378125 0.190625 0.35234375 0.103125
1 0.75 0.3171875 0.35234375 0.11171875
0 0.74296875 0.7140625 0.33515625 0.11484375
1 0.384375 0.71328125 0.34765625 0.1109375
1 0.3859375 0.853125 0.340625 0.11640625
1 0.74921875 0.8515625 0.3265625 0.12265625
1 0.39140625 0.5859375 0.32265625 0.11171875
1 0.7515625 0.58359375 0.3421875 0.1078125
1 0.38359375 0.45078125 0.328125 0.11328125
1 0.740625 0.45078125 0.31953125 0.1109375
1 0.38125 0.32109375 0.33515625 0.1109375
1 0.74140625 0.1859375 0.328125 0.109375
1 0.3734375 0.05703125 0.33671875 0.1046875
1 0.73984375 0.05546875 0.328125 0.1109375