1 0.3515625 0.0578125 0.32734375 0.10625
1 0.35703125 0.3203125 0.31953125 0.10234375
1 0.35546875 0.44921875 0.334375 0.10625
1 0.35703125 0.584375 0.32734375 0.10390625
1 0.36171875 0.71640625 0.3328125 0.10625
1 0.36171875 0.85546875 0.3328125 0.1125
1 0.71015625 0.85234375 0.30859375 0.1125
1 0.709375 0.71640625 0.31796875 0.11875
1 0.71953125 0.58125 0.34609375 0.1171875
1 0.7171875 0.4515625 0.33671875 0.109375
1 0.7171875 0.31796875 0.33671875 0.1078125
1 0.7125 0.1890625 0.334375 0.1125
1 0.7125 0.05703125 0.3234375 0.1078125
0 0.34296875 0.190625 0.3328125 0.10234375