1 0.4015625 0.05625 0.36015625 0.1125
1 0.765625 0.05625 0.35078125 0.1125
1 0.76640625 0.18046875 0.34453125 0.1328125
1 0.775 0.44453125 0.353125 0.125
1 0.77265625 0.57578125 0.353125 0.12734375
1 0.78203125 0.8421875 0.353125 0.121875
1 0.41875 0.84453125 0.346875 0.121875
1 0.41328125 0.7125 0.353125 0.13125
1 0.41328125 0.57734375 0.3578125 0.12890625
1 0.409375 0.315625 0.3578125 0.12890625
1 0.4125 0.44765625 0.35546875 0.125
0 0.40703125 0.18046875 0.36171875 0.125
0 0.7765625 0.3140625 0.3640625 0.11953125
0 0.78203125 0.71171875 0.353125 0.12890625