0 0.40546875 0.1859375 0.33671875 0.103125
0 0.77109375 0.31640625 0.32109375 0.1015625
0 0.771875 0.7140625 0.3296875 0.109375
1 0.4203125 0.85546875 0.33515625 0.12109375
1 0.778125 0.85078125 0.32109375 0.11484375
1 0.415625 0.7140625 0.340625 0.109375
1 0.41640625 0.5796875 0.32109375 0.10625
1 0.784375 0.5828125 0.34375 0.11171875
1 0.409375 0.44921875 0.33828125 0.11328125
1 0.77265625 0.44765625 0.328125 0.11640625
1 0.4125 0.32109375 0.33359375 0.1109375
1 0.76953125 0.1796875 0.33515625 0.11484375
1 0.403125 0.0546875 0.3265625 0.10625
1 0.77265625 0.0546875 0.328125 0.103125