1 0.40078125 0.05234375 0.346875 0.10078125
1 0.40078125 0.309375 0.35625 0.125
1 0.4015625 0.43984375 0.34453125 0.11484375
1 0.40546875 0.57421875 0.3421875 0.12265625
1 0.41015625 0.7046875 0.346875 0.11484375
1 0.41171875 0.84609375 0.33984375 0.13046875
1 0.7609375 0.84296875 0.325 0.1203125
1 0.76328125 0.575 0.34921875 0.1203125
1 0.7640625 0.44140625 0.3375 0.12265625
1 0.76328125 0.17421875 0.34453125 0.11875
1 0.75859375 0.05 0.3421875 0.1
0 0.40078125 0.17734375 0.346875 0.1125
0 0.7640625 0.30859375 0.3375 0.11875
0 0.76875 0.7046875 0.3515625 0.1265625