1 0.39609375 0.0578125 0.3578125 0.115625
1 0.40234375 0.3109375 0.353125 0.1234375
1 0.403125 0.44453125 0.35078125 0.12890625
1 0.7671875 0.4390625 0.35546875 0.121875
1 0.76953125 0.5734375 0.35546875 0.121875
1 0.403125 0.57734375 0.35078125 0.121875
1 0.40703125 0.7078125 0.353125 0.125
1 0.76640625 0.840625 0.34453125 0.121875
1 0.4078125 0.84375 0.346875 0.1234375
1 0.7578125 0.17578125 0.34453125 0.11953125
1 0.76171875 0.053125 0.33984375 0.09921875
0 0.40234375 0.18125 0.3578125 0.11640625
0 0.7671875 0.30859375 0.35546875 0.1234375
0 0.765625 0.70703125 0.35546875 0.11953125