0 0.36171875 0.190625 0.34765625 0.109375
0 0.72265625 0.7140625 0.32265625 0.109375
1 0.3640625 0.32265625 0.34921875 0.10625
1 0.36171875 0.053125 0.334375 0.10625
1 0.72265625 0.0578125 0.3125 0.10625
1 0.7265625 0.1890625 0.3265625 0.1
1 0.73125 0.32265625 0.340625 0.1109375
1 0.73125 0.45546875 0.3296875 0.103125
1 0.3703125 0.45234375 0.340625 0.11328125
1 0.3734375 0.5859375 0.3296875 0.1015625
1 0.7375 0.584375 0.3453125 0.109375
1 0.3703125 0.71796875 0.34375 0.10625
1 0.371875 0.85390625 0.340625 0.11796875
1 0.734375 0.85078125 0.33515625 0.12421875