0 0.39375 0.18125 0.3421875 0.1
1 0.77265625 0.31484375 0.36328125 0.1109375
1 0.396875 0.31640625 0.340625 0.1015625
1 0.39453125 0.45 0.340625 0.103125
1 0.7671875 0.4453125 0.33515625 0.10625
1 0.4 0.58203125 0.33671875 0.09609375
1 0.76953125 0.57890625 0.3171875 0.1046875
1 0.403125 0.71328125 0.340625 0.1015625
0 0.77109375 0.7140625 0.3171875 0.09765625
1 0.41015625 0.84609375 0.33359375 0.1078125
1 0.7640625 0.8484375 0.3 0.109375
1 0.7578125 0.18046875 0.3296875 0.1046875
1 0.39453125 0.0546875 0.34375 0.103125
1 0.75859375 0.053125 0.3140625 0.103125