0 0.3953125 0.18046875 0.340625 0.10390625
0 0.759375 0.309375 0.32734375 0.10390625
1 0.3953125 0.053125 0.340625 0.09609375
1 0.39765625 0.31328125 0.33671875 0.10078125
1 0.39921875 0.44609375 0.340625 0.10625
1 0.39765625 0.57734375 0.340625 0.09921875
1 0.4015625 0.7125 0.34765625 0.10390625
1 0.403125 0.85234375 0.34375 0.1125
1 0.76875 0.84609375 0.32734375 0.115625
1 0.775 0.5734375 0.34375 0.1078125
1 0.76484375 0.44375 0.33046875 0.1140625
1 0.75546875 0.1796875 0.32734375 0.109375
1 0.7609375 0.05234375 0.31953125 0.09453125
0 0.7671875 0.70625 0.33046875 0.1078125