0 0.3765625 0.18828125 0.3515625 0.10390625
1 0.37890625 0.31875 0.340625 0.10234375
1 0.38359375 0.4515625 0.33828125 0.109375
1 0.3859375 0.5859375 0.32109375 0.09453125
1 0.38515625 0.71484375 0.33828125 0.09609375
1 0.3859375 0.86015625 0.33671875 0.1125
1 0.74375 0.85546875 0.3140625 0.10625
1 0.75390625 0.58359375 0.35 0.10625
1 0.74375 0.44765625 0.32890625 0.09609375
1 0.75078125 0.32109375 0.340625 0.10390625
1 0.74375 0.184375 0.30625 0.09296875
1 0.3796875 0.06015625 0.33828125 0.10078125
1 0.73984375 0.05625 0.30234375 0.08359375
0 0.7453125 0.71015625 0.3328125 0.09296875