0 0.4046875 0.1859375 0.33828125 0.109375
0 0.76875 0.31484375 0.33359375 0.11328125
0 0.771875 0.71484375 0.33359375 0.1109375
1 0.771875 0.85078125 0.3296875 0.12109375
1 0.415625 0.85546875 0.33671875 0.12421875
1 0.409375 0.7140625 0.3421875 0.11796875
1 0.41328125 0.584375 0.328125 0.10625
1 0.78125 0.578125 0.3421875 0.10625
1 0.40625 0.44921875 0.33828125 0.11953125
1 0.77265625 0.4484375 0.33515625 0.11484375
1 0.40625 0.31953125 0.3453125 0.1109375
1 0.765625 0.184375 0.33828125 0.109375
1 0.40546875 0.05859375 0.33359375 0.1078125
1 0.77109375 0.05546875 0.33125 0.1046875