0 0.353125 0.1921875 0.33515625 0.1046875
0 0.7140625 0.71640625 0.30859375 0.1078125
1 0.37109375 0.85625 0.3453125 0.11953125
1 0.7234375 0.8578125 0.3171875 0.11640625
1 0.3671875 0.71875 0.33125 0.1046875
1 0.3703125 0.58828125 0.3265625 0.1
1 0.73125 0.58359375 0.33359375 0.11640625
1 0.359375 0.45390625 0.33359375 0.1078125
1 0.7234375 0.45234375 0.328125 0.1078125
1 0.36171875 0.328125 0.33359375 0.11328125
1 0.728125 0.32265625 0.33671875 0.1109375
1 0.7203125 0.1875 0.32421875 0.109375
1 0.3578125 0.06015625 0.32265625 0.11796875
1 0.721875 0.0546875 0.32109375 0.10625