0 0.19794474374999999 0.15540944375000001 0.1634097046875 0.2869097421875 0.23921832968749998 0.2869097421875 0.2661725078125 0.15242080156249999 0.19794474374999999 0.15540944375000001
0 0.3150269546875 0.2869097421875 0.3301886796875 0.1539151234375 0.262803234375 0.1539151234375 0.2383760109375 0.28989838749999997 0.3150269546875 0.2869097421875
0 0.3950471703125 0.14196055000000002 0.391677896875 0.27346085000000003 0.46580188749999996 0.2704722046875 0.4599056609375 0.13747758593749998 0.3950471703125 0.14196055000000002
0 0.5382412390625 0.2704722046875 0.5239218328125 0.1359832640625 0.4590633421875 0.13747758593749998 0.4632749328125 0.2704722046875 0.5382412390625 0.2704722046875
0 0.5870956875 0.13448894218750002 0.6148921828125 0.2600119546875 0.6856469 0.2630005984375 0.64858490625 0.1300059765625 0.5870956875 0.13448894218750002
0 0.2897574125 0.6022115968749999 0.236691375 0.9847579203124999 0.37483153593749996 0.9683203828125 0.391677896875 0.5977286312500001 0.2897574125 0.6022115968749999
0 0.4935983828125 0.5902570234375 0.391677896875 0.5992229515624999 0.3731469 0.9668260609375 0.506233153125 0.948894203125 0.4935983828125 0.5902570234375
0 0.6915431265625 0.5738194859375 0.5921495953125 0.582785415625 0.6325808625 0.9354453078124999 0.7597708890625 0.9175134500000001 0.6915431265625 0.5738194859375
0 0.782513478125 0.566347878125 0.689016171875 0.5768081296875 0.7606132078125001 0.9175134500000001 0.8844339625 0.9055588765625 0.782513478125 0.566347878125
0 0.8785377359375 0.5528989828124999 0.779986521875 0.572325165625 0.8827493265624999 0.9085475187500001 0.9956199453125001 0.8816497296874999 0.8785377359375 0.5528989828124999
1 0.10192048437500001 0.9892408843749999 0.23584905625000002 0.9892408843749999 0.2897574125 0.5977286312500001 0.171832884375 0.5992229515624999 0.10192048437500001 0.9892408843749999
1 0.5938342328124999 0.582785415625 0.49528301875 0.5932456671875 0.5028638812499999 0.9503885234375 0.635950134375 0.9429169156249999 0.5938342328124999 0.582785415625
1 0 0.9862522406249999 0.102762803125 0.9862522406249999 0.171832884375 0.6007172734374999 0.0513814015625 0.5977286312500001 0 0.7561267171875 0 0.9862522406249999
1 0.08086253437499999 0.2913927078125 0.16004043125 0.2943813515625 0.195417790625 0.15242080156249999 0.125505390625 0.1539151234375 0.08086253437499999 0.2913927078125
1 0.015161725000000001 0.2913927078125 0.07580862499999999 0.2928870296875 0.12297843593749999 0.15540944375000001 0.056435309375 0.15540944375000001 0.015161725000000001 0.2913927078125
1 0.3192385453125 0.282426778125 0.38830862499999996 0.2794381359375 0.39588948749999997 0.14196055000000002 0.32850404375000003 0.1464435140625 0.3192385453125 0.282426778125
1 0.5272911046875 0.1359832640625 0.5407681953125001 0.2615062765625 0.612365228125 0.2630005984375 0.5887803234375 0.1315002984375 0.5272911046875 0.1359832640625
1 0.65532345 0.13747758593749998 0.68648921875 0.2615062765625 0.7648247984375 0.2555289890625 0.72439353125 0.1255230125 0.65532345 0.13747758593749998