1 0.5966981125 0.5418410046875 0.492924528125 0.5481171546875 0.4988207546875 0.9476987453125 0.6344339625 0.93305439375 0.5966981125 0.5418410046875
1 0.2877358484375 0.596234309375 0.168632075 0.5836820078125 0.1002358484375 0.9874476984375 0.2346698109375 0.9916317984375 0.2877358484375 0.596234309375
1 0.17099056562499998 0.5794979078125 0.053066037499999996 0.56276150625 0 0.9895397484374999 0.099056603125 0.9895397484374999 0.17099056562499998 0.5794979078125
1 0.0719339625 0.2991631796875 0.1533018875 0.2970711296875 0.19221698125 0.156903765625 0.1025943390625 0.14016736406250002 0.0719339625 0.2991631796875
1 0 0.2949790796875 0.06721698125 0.30543933125 0.1049528296875 0.1443514640625 0.0400943390625 0.1317991625 0 0.2949790796875
1 0.310141509375 0.278242678125 0.386792453125 0.278242678125 0.3926886796875 0.14016736406250002 0.331367925 0.1380753140625 0.310141509375 0.278242678125
1 0.5424528296875 0.26359832656250004 0.61084905625 0.25313807499999996 0.579009434375 0.1234309625 0.5224056609375001 0.13389121406249999 0.5424528296875 0.26359832656250004
1 0.69221698125 0.2928870296875 0.7582547171875 0.282426778125 0.713443396875 0.10460251093749999 0.64858490625 0.1234309625 0.69221698125 0.2928870296875
0 0.39150943437499997 0.27196652656250003 0.46698113281250003 0.2656903765625 0.4599056609375 0.14016736406250002 0.396226415625 0.14016736406250002 0.39150943437499997 0.27196652656250003
0 0.468160378125 0.2677824265625 0.5424528296875 0.26359832656250004 0.5200471703125 0.1359832640625 0.4599056609375 0.1422594140625 0.468160378125 0.2677824265625
0 0.61084905625 0.2615062765625 0.6768867921874999 0.257322175 0.6450471703125 0.1234309625 0.5872641515625 0.1359832640625 0.61084905625 0.2615062765625
0 0.242924528125 0.284518828125 0.310141509375 0.282426778125 0.3278301890625 0.148535565625 0.26650943437499997 0.150627615625 0.242924528125 0.284518828125
0 0.1544811328125 0.288702928125 0.24174528281250002 0.284518828125 0.2653301890625 0.158995815625 0.189858490625 0.158995815625 0.1544811328125 0.288702928125
0 0.3879716984375 0.598326359375 0.29009433906250004 0.6025104609375 0.2393867921875 0.9790794984375 0.37028301875 0.970711296875 0.3879716984375 0.598326359375
0 0.49410377343749995 0.5711297078124999 0.38915094375 0.592050209375 0.3738207546875 0.966527196875 0.5 0.9476987453125 0.49410377343749995 0.5711297078124999
0 0.685141509375 0.5543933046875 0.5978773578125 0.55648535625 0.6344339625 0.93723849375 0.7606132078125001 0.9163179921875001 0.685141509375 0.5543933046875
0 0.7853773578125 0.5543933046875 0.6886792453125 0.55648535625 0.7594339625 0.9267782421874999 0.8761792453125 0.8974895390625001 0.7853773578125 0.5543933046875
0 0.87971698125 0.5460251046875 0.7853773578125 0.55648535625 0.8820754718750001 0.9079497906249999 0.9929245281249999 0.8828451890625001 0.87971698125 0.5460251046875