1 0.5377358484375 0.2656903765625 0.613207546875 0.26359832656250004 0.5837264156249999 0.1317991625 0.516509434375 0.12761506250000001 0.5377358484375 0.2656903765625
1 0.689858490625 0.2949790796875 0.7594339625 0.288702928125 0.718160378125 0.1087866109375 0.643867925 0.12133891249999999 0.689858490625 0.2949790796875
1 0.3219339625 0.1317991625 0.305424528125 0.28661087812499997 0.3832547171875 0.2907949796875 0.38915094375 0.1443514640625 0.3219339625 0.1317991625
1 0.143867925 0.2949790796875 0.180424528125 0.1443514640625 0.0955188671875 0.11924686250000001 0.053066037499999996 0.2949790796875 0.143867925 0.2949790796875
1 0.0011792453125 0.282426778125 0.056603773437500005 0.284518828125 0.0919811328125 0.1234309625 0.018867925 0.12133891249999999 0.0011792453125 0.282426778125
1 0.16391509375 0.56276150625 0.0872641515625 0.9895397484374999 0.22405660312500003 0.9874476984375 0.280660378125 0.5711297078124999 0.16391509375 0.56276150625
1 0.48349056562500003 0.5188284515625 0.5 0.9518828453125 0.627358490625 0.9288702921875001 0.5872641515625 0.5188284515625 0.48349056562500003 0.5188284515625
1 0.083726415625 0.9832635984375001 0.166273584375 0.56276150625 0.0224056609375 0.535564853125 0 0.9895397484374999 0.083726415625 0.9832635984375001
0 0.6120283015625 0.276150628125 0.68278301875 0.278242678125 0.6426886796875 0.11924686250000001 0.5837264156249999 0.1317991625 0.6120283015625 0.276150628125
0 0.3844339625 0.28661087812499997 0.4599056609375 0.288702928125 0.45165094375 0.1380753140625 0.386792453125 0.1380753140625 0.3844339625 0.28661087812499997
0 0.5353773578125 0.282426778125 0.5176886796875 0.12761506250000001 0.4504716984375 0.1359832640625 0.458726415625 0.2928870296875 0.5353773578125 0.282426778125
0 0.3042452828125 0.2928870296875 0.3207547171875 0.14016736406250002 0.2558962265625 0.14016736406250002 0.22523584843750002 0.2949790796875 0.3042452828125 0.2928870296875
0 0.1875 0.148535565625 0.14858490625 0.2949790796875 0.22169811250000002 0.2970711296875 0.2511792453125 0.1443514640625 0.1875 0.148535565625
0 0.382075471875 0.594142259375 0.271226415625 0.598326359375 0.2323113203125 0.9874476984375 0.363207546875 0.9748953968749999 0.382075471875 0.594142259375
0 0.48231132031249996 0.5836820078125 0.386792453125 0.598326359375 0.3655660375 0.966527196875 0.497641509375 0.9476987453125 0.48231132031249996 0.5836820078125
0 0.6745283015625 0.5502092046875 0.5872641515625 0.55648535625 0.6308962265625 0.93933054375 0.7488207546875 0.9205020921875 0.6745283015625 0.5502092046875
0 0.7700471703125 0.5439330546875001 0.6698113203125 0.5481171546875 0.75 0.9246861921875 0.8655660375 0.905857740625 0.7700471703125 0.5439330546875001
0 0.86084905625 0.537656903125 0.7676886796875 0.5502092046875 0.8620283015625001 0.903765690625 0.97641509375 0.8786610874999999 0.86084905625 0.537656903125