0 0.16004043125 0.27346085000000003 0.23753369218749998 0.2704722046875 0.2686994609375 0.13897190625 0.1987870625 0.1359832640625 0.16004043125 0.27346085000000003
0 0.2383760109375 0.26897788437500003 0.3175539078125 0.26897788437500003 0.3327156328125 0.143454871875 0.2661725078125 0.13897190625 0.2383760109375 0.26897788437500003
0 0.40178571406249997 0.13747758593749998 0.393362534375 0.26897788437500003 0.46495956875 0.2704722046875 0.46411725156249994 0.13747758593749998 0.40178571406249997 0.13747758593749998
0 0.5390835578125001 0.26897788437500003 0.5298180593749999 0.13747758593749998 0.46159029531250007 0.13448894218750002 0.46495956875 0.26897788437500003 0.5390835578125001 0.26897788437500003
0 0.689016171875 0.27495516875 0.65532345 0.13448894218750002 0.58793800625 0.13448894218750002 0.614049865625 0.27346085000000003 0.689016171875 0.27495516875
0 0.38915094375 0.5947399875 0.28217655 0.5917513453125001 0.22405660312500003 0.97429766875 0.3638814015625 0.962343096875 0.38915094375 0.5947399875
0 0.491071428125 0.5887627015625 0.3874663078125 0.5947399875 0.3605121296875 0.9608487734375 0.49528301875 0.956365809375 0.491071428125 0.5887627015625
0 0.6881738546875 0.5887627015625 0.5921495953125 0.5887627015625 0.625 0.9459055578125 0.7530323453125 0.9309623437500001 0.6881738546875 0.5887627015625
0 0.779986521875 0.582785415625 0.6856469 0.58726838125 0.7471361187500001 0.932456665625 0.8709568734375001 0.9190077703125 0.779986521875 0.582785415625
0 0.872641509375 0.5738194859375 0.7791442046875 0.5857740578125 0.8709568734375001 0.9190077703125 0.9829851749999999 0.9115361625 0.872641509375 0.5738194859375
1 0.0825471703125 0.9787806343750001 0.224898921875 0.972803346875 0.28217655 0.5887627015625 0.16004043125 0.5917513453125001 0.0825471703125 0.9787806343750001
1 0.06907008125 0.2764494921875 0.1591981125 0.2764494921875 0.2013140171875 0.13747758593749998 0.1137129375 0.132994621875 0.06907008125 0.2764494921875
1 0.3183962265625 0.26897788437500003 0.39420485156249996 0.26897788437500003 0.40010107812499995 0.13747758593749998 0.331030996875 0.1359832640625 0.3183962265625 0.26897788437500003
1 0.5298180593749999 0.13448894218750002 0.5416105124999999 0.265989240625 0.613207546875 0.27495516875 0.58793800625 0.13448894218750002 0.5298180593749999 0.13448894218750002
1 0.659535040625 0.143454871875 0.6915431265625 0.27495516875 0.766509434375 0.282426778125 0.728605121875 0.143454871875 0.659535040625 0.143454871875
1 0.5929919140625 0.5902570234375 0.4860175203125 0.5887627015625 0.4935983828125 0.9503885234375 0.625 0.9384339515625 0.5929919140625 0.5902570234375
1 0 0.99372385 0.0833894875 0.9862522406249999 0.16425202187500001 0.5902570234375 0.03874663125 0.572325165625 0 0.7232516437500001 0 0.99372385