1 0.310141509375 0.2677824265625 0.3844339625 0.2677824265625 0.3903301890625 0.13389121406249999 0.3219339625 0.1297071125 0.310141509375 0.2677824265625
1 0.53891509375 0.2615062765625 0.6073113203125 0.257322175 0.581367925 0.1234309625 0.5153301890625 0.1234309625 0.53891509375 0.2615062765625
1 0.694575471875 0.2928870296875 0.766509434375 0.284518828125 0.718160378125 0.11087866093750001 0.6462264156249999 0.11715481093749999 0.694575471875 0.2928870296875
1 0.5955188671875 0.5481171546875 0.49174528281249996 0.5523012546875 0.5 0.93933054375 0.6332547171875 0.9309623437500001 0.5955188671875 0.5481171546875
1 0.28301886718749997 0.6150627609375 0.161556603125 0.5815899578125 0.0955188671875 0.9874476984375 0.228773584375 0.9916317984375 0.28301886718749997 0.6150627609375
1 0.166273584375 0.5794979078125 0.0341981125 0.5481171546875 0 0.9916317984375 0.094339621875 0.9916317984375 0.166273584375 0.5794979078125
1 0.060141509375 0.288702928125 0.1521226421875 0.284518828125 0.185141509375 0.1422594140625 0.0978773578125 0.11924686250000001 0.060141509375 0.288702928125
1 0 0.284518828125 0.058962264062500006 0.2907949796875 0.093160378125 0.11924686250000001 0.018867925 0.1066945609375 0 0.284518828125
0 0.4622641515625 0.276150628125 0.53891509375 0.2677824265625 0.5153301890625 0.1359832640625 0.45165094375 0.1359832640625 0.4622641515625 0.276150628125
0 0.3879716984375 0.2677824265625 0.46108490625 0.27196652656250003 0.45518867968750004 0.14016736406250002 0.38915094375 0.14016736406250002 0.3879716984375 0.2677824265625
0 0.22995282968750003 0.27196652656250003 0.3089622640625 0.276150628125 0.3254716984375 0.150627615625 0.2700471703125 0.1422594140625 0.22995282968750003 0.27196652656250003
0 0.1544811328125 0.28661087812499997 0.2275943390625 0.282426778125 0.26061320781249997 0.152719665625 0.1839622640625 0.150627615625 0.1544811328125 0.28661087812499997
0 0.4893867921875 0.5857740578125 0.386792453125 0.594142259375 0.3655660375 0.9581589953125 0.49528301875 0.9518828453125 0.4893867921875 0.5857740578125
0 0.3903301890625 0.598326359375 0.281839621875 0.6046025109375 0.233490565625 0.9832635984375001 0.3714622640625 0.970711296875 0.3903301890625 0.598326359375
0 0.68278301875 0.5397489546875 0.599056603125 0.5523012546875 0.62971698125 0.9246861921875 0.7558962265625 0.9163179921875001 0.68278301875 0.5397489546875
0 0.7700471703125 0.5439330546875001 0.6863207546875 0.5439330546875001 0.75471698125 0.9163179921875001 0.8714622640625 0.8974895390625001 0.7700471703125 0.5439330546875001
0 0.8655660375 0.531380753125 0.7700471703125 0.537656903125 0.8785377359375 0.8974895390625001 0.9846698109375 0.8744769874999999 0.8655660375 0.531380753125
0 0.613207546875 0.26987447656249997 0.6816037734375 0.26987447656249997 0.6462264156249999 0.12761506250000001 0.58608490625 0.12133891249999999 0.613207546875 0.26987447656249997