1 0.704009434375 0.2991631796875 0.7841981125 0.2928870296875 0.7346698109375 0.1087866109375 0.6533018875 0.11924686250000001 0.704009434375 0.2991631796875
1 0.5471698109375 0.26987447656249997 0.6143867921874999 0.26359832656250004 0.5872641515625 0.12133891249999999 0.5247641515625 0.1234309625 0.5471698109375 0.26987447656249997
1 0.3219339625 0.3012552296875 0.393867925 0.2928870296875 0.40212264218750005 0.1380753140625 0.3301886796875 0.1380753140625 0.3219339625 0.3012552296875
1 0.0778301890625 0.30962343125 0.168632075 0.2970711296875 0.2028301890625 0.163179915625 0.10377358437499999 0.148535565625 0.0778301890625 0.30962343125
1 0 0.2928870296875 0.0754716984375 0.30543933125 0.10613207499999999 0.1443514640625 0.037735848437500004 0.1380753140625 0 0.2928870296875
1 0.29834905625 0.5836820078125 0.17924528281250002 0.5774058578125 0.1049528296875 0.9958159 0.2464622640625 0.9895397484374999 0.29834905625 0.5836820078125
1 0.1863207546875 0.56903765625 0.0625 0.5543933046875 0 0.9958159 0.11084905625000001 0.9979079499999999 0.1863207546875 0.56903765625
1 0.6155660375 0.537656903125 0.4988207546875 0.5502092046875 0.5094339625 0.9560669453124999 0.6521226421875 0.9539748953125 0.6155660375 0.537656903125
0 0.50471698125 0.56694560625 0.39858490625 0.5753138078125 0.382075471875 0.970711296875 0.5153301890625 0.9497907953125001 0.50471698125 0.56694560625
0 0.39858490625 0.5774058578125 0.293632075 0.5857740578125 0.2464622640625 0.9916317984375 0.3844339625 0.9748953968749999 0.39858490625 0.5774058578125
0 0.6969339625 0.5481171546875 0.6120283015625 0.5523012546875 0.641509434375 0.93723849375 0.7747641515625 0.9205020921875 0.6969339625 0.5481171546875
0 0.7853773578125 0.5439330546875001 0.6933962265625 0.5481171546875 0.775943396875 0.9121338906249999 0.893867925 0.9016736406250001 0.7853773578125 0.5439330546875001
0 0.8808962265625 0.529288703125 0.781839621875 0.5460251046875 0.893867925 0.9016736406250001 0.9988207546875 0.8744769874999999 0.8808962265625 0.529288703125
0 0.6214622640624999 0.28661087812499997 0.694575471875 0.276150628125 0.6544811328125 0.11924686250000001 0.5955188671875 0.1255230125 0.6214622640624999 0.28661087812499997
0 0.47405660312500003 0.278242678125 0.543632075 0.2677824265625 0.525943396875 0.1359832640625 0.4599056609375 0.1422594140625 0.47405660312500003 0.278242678125
0 0.45754717031250003 0.1443514640625 0.40330188749999996 0.1443514640625 0.393867925 0.278242678125 0.46580188749999996 0.26987447656249997 0.45754717031250003 0.1443514640625
0 0.2488207546875 0.288702928125 0.319575471875 0.288702928125 0.32900943437499997 0.154811715625 0.2629716984375 0.152719665625 0.2488207546875 0.288702928125
0 0.17099056562499998 0.2928870296875 0.24528301875 0.2907949796875 0.26415094375 0.163179915625 0.2028301890625 0.163179915625 0.17099056562499998 0.2928870296875