0 0.20047169843749998 0.1300059765625 0.1591981125 0.26449491875 0.2383760109375 0.265989240625 0.271226415625 0.1315002984375 0.20047169843749998 0.1300059765625
0 0.236691375 0.265989240625 0.3175539078125 0.26449491875 0.3335579515625 0.13448894218750002 0.267014825 0.1359832640625 0.236691375 0.265989240625
0 0.3984164421875 0.13448894218750002 0.393362534375 0.2630005984375 0.46580188749999996 0.265989240625 0.46495956875 0.13448894218750002 0.3984164421875 0.13448894218750002
0 0.5416105124999999 0.26897788437500003 0.5289757421875 0.132994621875 0.46243261406249997 0.13747758593749998 0.4666442046875 0.2615062765625 0.5416105124999999 0.26897788437500003
0 0.5887803234375 0.1359832640625 0.614049865625 0.2615062765625 0.6848045828125 0.27346085000000003 0.65532345 0.1359832640625 0.5887803234375 0.1359832640625
0 0.3866239890625 0.60370591875 0.2788072765625 0.6022115968749999 0.22068733125 0.9698147046875001 0.36135444687499996 0.962343096875 0.3866239890625 0.60370591875
0 0.48854447343749996 0.5977286312500001 0.38241239843749997 0.6066945609375 0.3605121296875 0.95786013125 0.4935983828125 0.94739988125 0.48854447343749996 0.5977286312500001
0 0.6873315359375 0.579796771875 0.5870956875 0.5887627015625 0.625 0.9399282718749999 0.7496630734374999 0.9294680203125001 0.6873315359375 0.579796771875
0 0.77745956875 0.5768081296875 0.6848045828125 0.5857740578125 0.7479784359375 0.9279737015625 0.8709568734375001 0.9219964140625001 0.77745956875 0.5768081296875
0 0.872641509375 0.5753138078125 0.7783018875 0.58129109375 0.8701145546875001 0.9190077703125 0.9829851749999999 0.9055588765625 0.872641509375 0.5753138078125
1 0.3183962265625 0.26449491875 0.391677896875 0.265989240625 0.3992587609375 0.132994621875 0.331873315625 0.132994621875 0.3183962265625 0.26449491875
1 0.5289757421875 0.13897190625 0.5407681953125001 0.26897788437500003 0.613207546875 0.2630005984375 0.5896226421875 0.1359832640625 0.5289757421875 0.13897190625
1 0.6629043125 0.13897190625 0.68648921875 0.2704722046875 0.7648247984375 0.2764494921875 0.729447440625 0.140466228125 0.6629043125 0.13897190625
1 0.0833894875 0.2555289890625 0.156671159375 0.258517634375 0.1962601078125 0.1359832640625 0.1196091640625 0.1300059765625 0.0833894875 0.2555289890625
1 0.0134770890625 0.2555289890625 0.0774932625 0.2555289890625 0.11287062031249999 0.1255230125 0.0555929921875 0.1255230125 0.0134770890625 0.2555289890625
1 0.079177896875 0.98027495625 0.22237196875 0.972803346875 0.2796495953125 0.6052002390625 0.1608827484375 0.6007172734374999 0.079177896875 0.98027495625
1 0 0.69037656875 0.0016846359375000002 0.9832635984375001 0.0825471703125 0.9787806343750001 0.1625673859375 0.596234309375 0.045485175 0.57830245 0 0.69037656875
1 0.5887803234375 0.58726838125 0.4902291109375 0.5917513453125001 0.49275606562499996 0.948894203125 0.625 0.9414225937499999 0.5887803234375 0.58726838125