0 0.4988207546875 0.596234309375 0.396226415625 0.594142259375 0.36438679218750003 0.9748953968749999 0.5 0.9686192468750001 0.4988207546875 0.596234309375
0 0.3950471703125 0.594142259375 0.293632075 0.598326359375 0.2275943390625 0.972803346875 0.3667452828125 0.9686192468750001 0.3950471703125 0.594142259375
0 0.69221698125 0.587866109375 0.60141509375 0.5836820078125 0.6308962265625 0.9581589953125 0.7606132078125001 0.9581589953125 0.69221698125 0.587866109375
0 0.7912735843750001 0.589958159375 0.6910377359375001 0.5857740578125 0.76415094375 0.9560669453124999 0.8808962265625 0.9497907953125001 0.7912735843750001 0.589958159375
0 0.8856132078125001 0.587866109375 0.7912735843750001 0.589958159375 0.8856132078125001 0.9518828453125 0.9988207546875 0.93933054375 0.8856132078125001 0.587866109375
0 0.622641509375 0.288702928125 0.6981132078125001 0.288702928125 0.661556603125 0.150627615625 0.5966981125 0.154811715625 0.622641509375 0.288702928125
0 0.4775943390625 0.288702928125 0.54834905625 0.288702928125 0.53891509375 0.154811715625 0.47405660312500003 0.152719665625 0.4775943390625 0.288702928125
0 0.41155660312500003 0.161087865625 0.40330188749999996 0.2907949796875 0.47405660312500003 0.28661087812499997 0.47287735781249995 0.158995815625 0.41155660312500003 0.161087865625
0 0.2853773578125 0.152719665625 0.252358490625 0.2949790796875 0.324292453125 0.30334727968749997 0.344339621875 0.152719665625 0.2853773578125 0.152719665625
0 0.22051886718749997 0.156903765625 0.1780660375 0.288702928125 0.2488207546875 0.2970711296875 0.28301886718749997 0.16527196718749998 0.22051886718749997 0.156903765625
1 0.32900943437499997 0.2970711296875 0.40094339687499997 0.2949790796875 0.41037735781249995 0.156903765625 0.3478773578125 0.150627615625 0.32900943437499997 0.2970711296875
1 0.093160378125 0.27196652656250003 0.175707546875 0.2907949796875 0.21933962187499997 0.148535565625 0.13325471718749998 0.1380753140625 0.093160378125 0.27196652656250003
1 0.0094339625 0.2594142265625 0.088443396875 0.274058578125 0.1238207546875 0.1359832640625 0.055424528125000004 0.1234309625 0.0094339625 0.2594142265625
1 0.2971698109375 0.589958159375 0.180424528125 0.5732217578125 0.088443396875 0.9895397484374999 0.228773584375 0.9895397484374999 0.2971698109375 0.589958159375
1 0.185141509375 0.55857740625 0.0660377359375 0.537656903125 0 0.970711296875 0.0849056609375 0.9916317984375 0.185141509375 0.55857740625
1 0.6002358484375 0.5815899578125 0.49646226406249994 0.589958159375 0.5 0.962343096875 0.6332547171875 0.9686192468750001 0.6002358484375 0.5815899578125
1 0.704009434375 0.30962343125 0.781839621875 0.3012552296875 0.7393867921874999 0.1443514640625 0.6627358484375 0.154811715625 0.704009434375 0.30962343125
1 0.5530660375 0.2907949796875 0.6238207546875 0.288702928125 0.5955188671875 0.150627615625 0.5353773578125 0.150627615625 0.5530660375 0.2907949796875