0 0.7912735843750001 0.6025104609375 0.6957547171875 0.6108786609375 0.7594339625 0.9560669453124999 0.8856132078125001 0.9518828453125 0.7912735843750001 0.6025104609375
0 0.88915094375 0.600418409375 0.78891509375 0.600418409375 0.8867924531250001 0.9581589953125 0.9988207546875 0.93933054375 0.88915094375 0.600418409375
0 0.694575471875 0.600418409375 0.594339621875 0.6046025109375 0.622641509375 0.9560669453124999 0.76415094375 0.9644351468749999 0.694575471875 0.600418409375
1 0.5966981125 0.598326359375 0.49646226406249994 0.6046025109375 0.5 0.9644351468749999 0.6238207546875 0.970711296875 0.5966981125 0.598326359375
0 0.5 0.6046025109375 0.393867925 0.6066945609375 0.3667452828125 0.972803346875 0.4988207546875 0.9769874484375001 0.5 0.6046025109375
0 0.396226415625 0.6108786609375 0.291273584375 0.6087866109375 0.228773584375 0.9832635984375001 0.36438679218750003 0.9790794984375 0.396226415625 0.6108786609375
1 0.1780660375 0.592050209375 0.094339621875 0.9790794984375 0.2275943390625 0.9853556484375 0.291273584375 0.6025104609375 0.1780660375 0.592050209375
1 0.17334905625000002 0.592050209375 0.0636792453125 0.56485355625 0 0.9811715484375 0.094339621875 0.9853556484375 0.17334905625000002 0.592050209375
1 0.3325471703125 0.288702928125 0.40330188749999996 0.28661087812499997 0.4127358484375 0.163179915625 0.34551886718749997 0.163179915625 0.3325471703125 0.288702928125
0 0.478773584375 0.282426778125 0.47287735781249995 0.158995815625 0.40801886718749997 0.154811715625 0.405660378125 0.284518828125 0.478773584375 0.282426778125
0 0.550707546875 0.2907949796875 0.53891509375 0.150627615625 0.47169811250000004 0.156903765625 0.47641509375 0.28661087812499997 0.550707546875 0.2907949796875
1 0.627358490625 0.2907949796875 0.5978773578125 0.152719665625 0.5377358484375 0.150627615625 0.550707546875 0.2928870296875 0.627358490625 0.2907949796875
0 0.694575471875 0.284518828125 0.668632075 0.152719665625 0.5978773578125 0.158995815625 0.6261792453125 0.288702928125 0.694575471875 0.284518828125
1 0.6969339625 0.2928870296875 0.7747641515625 0.2949790796875 0.7417452828125 0.1464435140625 0.6698113203125 0.156903765625 0.6969339625 0.2928870296875
0 0.2582547171875 0.28033472812500004 0.32900943437499997 0.28033472812500004 0.344339621875 0.163179915625 0.28655660312500003 0.156903765625 0.2582547171875 0.28033472812500004
0 0.2146226421875 0.156903765625 0.1780660375 0.284518828125 0.252358490625 0.288702928125 0.281839621875 0.158995815625 0.2146226421875 0.156903765625
1 0.0978773578125 0.28661087812499997 0.17452830156250002 0.28661087812499997 0.21108490624999998 0.161087865625 0.1344339625 0.1443514640625 0.0978773578125 0.28661087812499997
1 0.016509434375 0.26987447656249997 0.094339621875 0.282426778125 0.132075471875 0.1380753140625 0.060141509375 0.1380753140625 0.016509434375 0.26987447656249997