0 0.28301886718749997 0.5902570234375 0.2257412390625 0.97429766875 0.3638814015625 0.9683203828125 0.38830862499999996 0.5902570234375 0.28301886718749997 0.5902570234375
0 0.38915094375 0.5887627015625 0.3655660375 0.9638374187500001 0.49696765468750004 0.956365809375 0.491913746875 0.5917513453125001 0.38915094375 0.5887627015625
0 0.5929919140625 0.58726838125 0.6266846359375 0.9429169156249999 0.757243934375 0.9369396296874999 0.6831199453125001 0.57830245 0.5929919140625 0.58726838125
0 0.782513478125 0.5753138078125 0.6856469 0.579796771875 0.750505390625 0.9294680203125001 0.8743261453125 0.9205020921875 0.782513478125 0.5753138078125
0 0.8768530999999999 0.57083084375 0.779986521875 0.5768081296875 0.8743261453125 0.9205020921875 0.9855121296875 0.9040645546875 0.8768530999999999 0.57083084375
0 0.1962601078125 0.140466228125 0.16425202187500001 0.2674835625 0.23921832968749998 0.27495516875 0.2686994609375 0.1464435140625 0.1962601078125 0.140466228125
0 0.3183962265625 0.2704722046875 0.3352425875 0.140466228125 0.26954177968750004 0.13897190625 0.23921832968749998 0.27196652656250003 0.3183962265625 0.2704722046875
0 0.40010107812499995 0.1359832640625 0.39420485156249996 0.2704722046875 0.46580188749999996 0.2674835625 0.4632749328125 0.140466228125 0.40010107812499995 0.1359832640625
0 0.5407681953125001 0.265989240625 0.5323450125 0.13747758593749998 0.46243261406249997 0.140466228125 0.468328840625 0.2704722046875 0.5407681953125001 0.265989240625
0 0.58625336875 0.13448894218750002 0.6115229109375 0.2615062765625 0.6848045828125 0.2615062765625 0.65532345 0.132994621875 0.58625336875 0.13448894218750002
1 0.316711590625 0.2674835625 0.393362534375 0.2674835625 0.40094339687499997 0.13448894218750002 0.3335579515625 0.132994621875 0.316711590625 0.2674835625
1 0.609838275 0.2630005984375 0.5887803234375 0.132994621875 0.5298180593749999 0.13448894218750002 0.5399258765625 0.2630005984375 0.609838275 0.2630005984375
1 0.6570080859375 0.13448894218750002 0.689858490625 0.2674835625 0.7648247984375 0.265989240625 0.72439353125 0.13448894218750002 0.6570080859375 0.13448894218750002
1 0.08507412343750001 0.2674835625 0.1625673859375 0.26897788437500003 0.195417790625 0.13897190625 0.13224393437499998 0.13448894218750002 0.08507412343750001 0.2674835625
1 0.026954178125 0.2600119546875 0.0842318046875 0.2615062765625 0.125505390625 0.1315002984375 0.07075471718750001 0.1255230125 0.026954178125 0.2600119546875
1 0.2796495953125 0.5932456671875 0.16509433906249998 0.5917513453125001 0.0859164421875 0.9847579203124999 0.2257412390625 0.971309025 0.2796495953125 0.5932456671875
1 0 0.9832635984375001 0.087601078125 0.9832635984375001 0.1659366578125 0.5977286312500001 0.0555929921875 0.5842797359375 0 0.7262402859375 0 0.9832635984375001
1 0.59467655 0.5917513453125001 0.4902291109375 0.5902570234375 0.4978099734375 0.9548714875 0.6266846359375 0.9414225937499999 0.59467655 0.5917513453125001