1 0.6863207546875 0.274058578125 0.7629716984375 0.26987447656249997 0.7228773578125 0.11924686250000001 0.6497641515625 0.13389121406249999 0.6863207546875 0.274058578125
1 0.5896226421875 0.5523012546875 0.49174528281249996 0.5606694562500001 0.497641509375 0.9456066953125 0.6285377359375001 0.9309623437500001 0.5896226421875 0.5523012546875
1 0.0919811328125 0.9853556484375 0.233490565625 0.9853556484375 0.28301886718749997 0.600418409375 0.16509433906249998 0.589958159375 0.0919811328125 0.9853556484375
1 0 0.9853556484375 0.0908018875 0.9832635984375001 0.17099056562499998 0.5836820078125 0.041273584375 0.55857740625 0 0.9853556484375
1 0.310141509375 0.278242678125 0.38561320781249997 0.274058578125 0.39150943437499997 0.1443514640625 0.3278301890625 0.13389121406249999 0.310141509375 0.278242678125
1 0.536556603125 0.2615062765625 0.6096698109375 0.25523012500000003 0.581367925 0.1297071125 0.518867925 0.12761506250000001 0.536556603125 0.2615062765625
1 0.0660377359375 0.284518828125 0.1533018875 0.2928870296875 0.1886792453125 0.148535565625 0.11084905625000001 0.12761506250000001 0.0660377359375 0.284518828125
1 0 0.276150628125 0.0636792453125 0.288702928125 0.10377358437499999 0.1422594140625 0.036556603124999996 0.1234309625 0 0.276150628125
0 0.3879716984375 0.6025104609375 0.280660378125 0.600418409375 0.2275943390625 0.9853556484375 0.367924528125 0.9644351468749999 0.3879716984375 0.6025104609375
0 0.4905660375 0.5794979078125 0.3879716984375 0.596234309375 0.37028301875 0.9644351468749999 0.5011792453125 0.9497907953125001 0.4905660375 0.5794979078125
0 0.685141509375 0.5543933046875 0.5919811328125 0.56485355625 0.62971698125 0.9351464437500001 0.752358490625 0.9121338906249999 0.685141509375 0.5543933046875
0 0.775943396875 0.5481171546875 0.6839622640624999 0.55857740625 0.75471698125 0.9142259421875 0.8714622640625 0.8953974890625 0.775943396875 0.5481171546875
0 0.8691037734375 0.537656903125 0.77358490625 0.5481171546875 0.877358490625 0.9016736406250001 0.98584905625 0.8744769874999999 0.8691037734375 0.537656903125
0 0.6120283015625 0.257322175 0.6780660375 0.2594142265625 0.64858490625 0.1297071125 0.58608490625 0.13389121406249999 0.6120283015625 0.257322175
0 0.4622641515625 0.2677824265625 0.5353773578125 0.2615062765625 0.518867925 0.12761506250000001 0.45400943437499997 0.13389121406249999 0.4622641515625 0.2677824265625
0 0.386792453125 0.27196652656250003 0.4599056609375 0.2656903765625 0.45283018906250005 0.14016736406250002 0.3926886796875 0.14016736406250002 0.386792453125 0.27196652656250003
0 0.233490565625 0.27196652656250003 0.3066037734375 0.276150628125 0.3207547171875 0.152719665625 0.26415094375 0.148535565625 0.233490565625 0.27196652656250003
0 0.1580188671875 0.282426778125 0.23113207500000002 0.278242678125 0.26061320781249997 0.156903765625 0.185141509375 0.150627615625 0.1580188671875 0.282426778125