1 0.4935983828125 0.582785415625 0.49696765468750004 0.9533771671875 0.6300539078125 0.9444112359375 0.59467655 0.58129109375 0.4935983828125 0.582785415625
1 0.088443396875 0.97429766875 0.2291105125 0.972803346875 0.2838611859375 0.6201434546875 0.1659366578125 0.6276150625 0.088443396875 0.97429766875
1 0.0025269546875 0.7172743578125 0 0.9683203828125 0.0833894875 0.97429766875 0.1836253375 0.5618649140625 0.060646900000000004 0.5514046625 0.0025269546875 0.7172743578125
1 0.33608490625 0.14196055000000002 0.323450134375 0.265989240625 0.3950471703125 0.2764494921875 0.40347035 0.143454871875 0.33608490625 0.14196055000000002
1 0.5281334234374999 0.14196055000000002 0.5432951484374999 0.26897788437500003 0.6165768203125 0.265989240625 0.59467655 0.13897190625 0.5281334234374999 0.14196055000000002
1 0.6612196765625 0.13897190625 0.6915431265625 0.28989838749999997 0.76987870625 0.28989838749999997 0.7345013484375 0.140466228125 0.6612196765625 0.13897190625
1 0.0867587609375 0.27495516875 0.1608827484375 0.2794381359375 0.20552560625 0.1479378375 0.126347709375 0.13897190625 0.0867587609375 0.27495516875
1 0.029481132812499998 0.26449491875 0.087601078125 0.26897788437500003 0.12803234531250002 0.1359832640625 0.06907008125 0.13448894218750002 0.029481132812499998 0.26449491875
0 0.1608827484375 0.282426778125 0.24174528281250002 0.2779438140625 0.2745956875 0.1479378375 0.2072102421875 0.143454871875 0.1608827484375 0.282426778125
0 0.24174528281250002 0.2764494921875 0.3226078171875 0.2764494921875 0.3369272234375 0.13897190625 0.27375336875 0.14196055000000002 0.24174528281250002 0.2764494921875
0 0.40431266875 0.13897190625 0.3950471703125 0.27346085000000003 0.47169811250000004 0.2704722046875 0.467486521875 0.1359832640625 0.40431266875 0.13897190625
0 0.470013478125 0.2704722046875 0.545822103125 0.2704722046875 0.5323450125 0.13448894218750002 0.46580188749999996 0.1359832640625 0.470013478125 0.2704722046875
0 0.597203503125 0.13897190625 0.6199460921875 0.26897788437500003 0.689016171875 0.27196652656250003 0.66374663125 0.13897190625 0.597203503125 0.13897190625
0 0.38915094375 0.5977286312500001 0.286388140625 0.5947399875 0.2265835578125 0.97429766875 0.3655660375 0.9683203828125 0.38915094375 0.5977286312500001
0 0.4944407 0.6007172734374999 0.38830862499999996 0.5992229515624999 0.36640835625 0.9668260609375 0.5003369265625001 0.9518828453125 0.4944407 0.6007172734374999
0 0.689858490625 0.58726838125 0.59467655 0.58726838125 0.628369271875 0.9459055578125 0.7564016171875 0.9309623437500001 0.689858490625 0.58726838125
0 0.7833557953125 0.582785415625 0.6873315359375 0.5917513453125001 0.758086253125 0.9309623437500001 0.8793800546874999 0.9279737015625 0.7833557953125 0.582785415625
0 0.87601078125 0.579796771875 0.782513478125 0.5887627015625 0.880222371875 0.9219964140625001 0.9888814015625 0.9085475187500001 0.87601078125 0.579796771875