0 0.29818059375 0.61416616875 0.247641509375 0.9979079499999999 0.3832547171875 0.995218171875 0.40262803125 0.6066945609375 0.29818059375 0.61416616875
0 0.5028638812499999 0.60370591875 0.40094339687499997 0.609683203125 0.38241239843749997 0.9862522406249999 0.5163409703124999 0.9653317390625 0.5028638812499999 0.60370591875
0 0.700808625 0.5887627015625 0.6039420484375 0.5917513453125001 0.651954178125 0.948894203125 0.7740902953125001 0.926479378125 0.700808625 0.5887627015625
0 0.795148246875 0.5753138078125 0.6982816703125 0.5917513453125001 0.7749326140624999 0.9294680203125001 0.9021226421874999 0.9145248046875001 0.795148246875 0.5753138078125
0 0.9981469000000001 0.8353257609375 0.8928571421875 0.5588762703125 0.79262129375 0.57830245 0.8987533687499999 0.9175134500000001 0.9988207546875 0.899581590625 0.9981469000000001 0.8353257609375
0 0.27291105 0.170352659375 0.2459568734375 0.3093245671875 0.325134771875 0.3018529578125 0.3369272234375 0.164375375 0.27291105 0.170352659375
0 0.20636792499999998 0.173341303125 0.1735175203125 0.30783024531250003 0.248483828125 0.3108188890625 0.2720687328125 0.1688583390625 0.20636792499999998 0.173341303125
0 0.40262803125 0.1539151234375 0.3992587609375 0.28989838749999997 0.47254043125 0.288404065625 0.46580188749999996 0.1509264796875 0.40262803125 0.1539151234375
0 0.5466644203125 0.2779438140625 0.5323450125 0.14196055000000002 0.46495956875 0.1509264796875 0.47169811250000004 0.2869097421875 0.5466644203125 0.2779438140625
0 0.5929919140625 0.140466228125 0.6199460921875 0.26897788437500003 0.6881738546875 0.2630005984375 0.6544811328125 0.132994621875 0.5929919140625 0.140466228125
1 0.29818059375 0.6156604890625 0.1836253375 0.6156604890625 0.11455525625 0.99372385 0.247641509375 0.995218171875 0.29818059375 0.6156604890625
1 0.0016846359375000002 0.8158995812500001 0.00084231875 0.9922295265625 0.11455525625 0.995218171875 0.18446765468749998 0.61416616875 0.0673854453125 0.6066945609375 0.0016846359375000002 0.8158995812500001
1 0.5037062 0.6007172734374999 0.5180256062499999 0.9668260609375 0.6477425875 0.956365809375 0.6047843671875001 0.5947399875 0.5037062 0.6007172734374999
1 0.32934636093749997 0.29886431562500004 0.3984164421875 0.2869097421875 0.4051549875 0.1583980875 0.3369272234375 0.1628810515625 0.32934636093749997 0.29886431562500004
1 0.53487196875 0.14196055000000002 0.5475067375 0.282426778125 0.6191037734375 0.27346085000000003 0.59467655 0.13747758593749998 0.53487196875 0.14196055000000002
1 0.6629043125 0.14196055000000002 0.6915431265625 0.2674835625 0.7724056609375001 0.258517634375 0.7328167109375 0.1300059765625 0.6629043125 0.14196055000000002
1 0.09097035 0.3093245671875 0.1684636125 0.3108188890625 0.20299865156250002 0.174835625 0.1271900265625 0.17632994531249999 0.09097035 0.3093245671875
1 0.035377357812499996 0.30484160312499997 0.09181266875 0.30633592187500003 0.12971698125 0.1658696953125 0.07580862499999999 0.164375375 0.035377357812499996 0.30484160312499997