1 0.706367925 0.2970711296875 0.7794811328125 0.2970711296875 0.731132075 0.11715481093749999 0.656839621875 0.1443514640625 0.706367925 0.2970711296875
0 0.6261792453125 0.284518828125 0.694575471875 0.284518828125 0.6544811328125 0.1359832640625 0.5955188671875 0.1380753140625 0.6261792453125 0.284518828125
1 0.5448113203125 0.278242678125 0.622641509375 0.27196652656250003 0.594339621875 0.12761506250000001 0.525943396875 0.12761506250000001 0.5448113203125 0.278242678125
0 0.47287735781249995 0.27196652656250003 0.543632075 0.26987447656249997 0.5283018875 0.1443514640625 0.46462264218750005 0.152719665625 0.47287735781249995 0.27196652656250003
0 0.39858490625 0.28033472812500004 0.469339621875 0.27196652656250003 0.46108490625 0.150627615625 0.3997641515625 0.152719665625 0.39858490625 0.28033472812500004
1 0.32311320781249997 0.28661087812499997 0.3926886796875 0.278242678125 0.39858490625 0.158995815625 0.33844339687499997 0.154811715625 0.32311320781249997 0.28661087812499997
0 0.2488207546875 0.2991631796875 0.3183962265625 0.288702928125 0.3372641515625 0.163179915625 0.27594339687499997 0.1673640171875 0.2488207546875 0.2991631796875
0 0.1721698109375 0.2991631796875 0.2464622640625 0.2991631796875 0.27240566093749996 0.1757322171875 0.1981132078125 0.18619246875 0.1721698109375 0.2991631796875
0 0.5011792453125 0.6046025109375 0.3997641515625 0.6108786609375 0.382075471875 0.9748953968749999 0.5153301890625 0.9581589953125 0.5011792453125 0.6046025109375
1 0.6120283015625 0.5857740578125 0.497641509375 0.6056485359375 0.51415094375 0.9644351468749999 0.6544811328125 0.9476987453125 0.6120283015625 0.5857740578125
0 0.7051886796875 0.587866109375 0.6096698109375 0.592050209375 0.64858490625 0.94351464375 0.7712264156249999 0.9288702921875001 0.7051886796875 0.587866109375
0 0.7995283015625 0.5794979078125 0.6969339625 0.592050209375 0.775943396875 0.93305439375 0.896226415625 0.9079497906249999 0.7995283015625 0.5794979078125
0 0.8926886796875 0.5543933046875 0.793632075 0.5815899578125 0.8974056609375 0.910041840625 0.9988207546875 0.8849372390625 0.8926886796875 0.5543933046875
0 0.2488207546875 0.9853556484375 0.3808962265625 0.972803346875 0.396226415625 0.6066945609375 0.2971698109375 0.6025104609375 0.2488207546875 0.9853556484375
1 0.189858490625 0.5753138078125 0.1167452828125 0.9916317984375 0.2464622640625 0.9916317984375 0.30188679218750003 0.598326359375 0.189858490625 0.5753138078125
1 0.189858490625 0.5774058578125 0.0625 0.5794979078125 0 0.9979079499999999 0.11556603750000001 0.9979079499999999 0.189858490625 0.5774058578125
1 0.0908018875 0.30543933125 0.17099056562499998 0.2991631796875 0.1981132078125 0.17991631875 0.1191037734375 0.17154811718750002 0.0908018875 0.30543933125
1 0.005896226562500001 0.30543933125 0.083726415625 0.30753138125 0.12028301875 0.1673640171875 0.055424528125000004 0.156903765625 0.005896226562500001 0.30543933125