1 0.6910377359375001 0.2949790796875 0.7653301890625 0.28661087812499997 0.718160378125 0.11715481093749999 0.64858490625 0.1359832640625 0.6910377359375001 0.2949790796875
1 0.3136792453125 0.28661087812499997 0.382075471875 0.288702928125 0.39150943437499997 0.1359832640625 0.32665094375 0.1297071125 0.3136792453125 0.28661087812499997
1 0.064858490625 0.2928870296875 0.1497641515625 0.2991631796875 0.1875 0.152719665625 0.099056603125 0.1317991625 0.064858490625 0.2928870296875
1 0 0.28033472812500004 0.060141509375 0.2970711296875 0.094339621875 0.13389121406249999 0.025943396875000004 0.12133891249999999 0 0.28033472812500004
1 0.22641509375000002 0.9916317984375 0.28655660312500003 0.5815899578125 0.16981132031249999 0.56694560625 0.093160378125 0.9958159 0.22641509375000002 0.9916317984375
1 0 0.9895397484374999 0.088443396875 0.9958159 0.168632075 0.55857740625 0.043632075 0.5397489546875 0 0.9895397484374999
1 0.5955188671875 0.56276150625 0.49174528281249996 0.5794979078125 0.5 0.9476987453125 0.63915094375 0.9309623437500001 0.5955188671875 0.56276150625
1 0.5377358484375 0.2615062765625 0.61084905625 0.25523012500000003 0.579009434375 0.11924686250000001 0.5212264156249999 0.11924686250000001 0.5377358484375 0.2615062765625
0 0.68278301875 0.55648535625 0.5908018875 0.55648535625 0.641509434375 0.93723849375 0.757075471875 0.9163179921875001 0.68278301875 0.55648535625
0 0.3903301890625 0.594142259375 0.28301886718749997 0.592050209375 0.22641509375000002 0.9832635984375001 0.37028301875 0.966527196875 0.3903301890625 0.594142259375
0 0.492924528125 0.5857740578125 0.39150943437499997 0.592050209375 0.3714622640625 0.9644351468749999 0.5 0.9476987453125 0.492924528125 0.5857740578125
0 0.7783018875 0.5523012546875 0.6839622640624999 0.55648535625 0.7558962265625 0.9184100421875 0.8785377359375 0.903765690625 0.7783018875 0.5523012546875
0 0.87028301875 0.5418410046875 0.7771226421875 0.5502092046875 0.877358490625 0.9016736406250001 0.9917452828125001 0.8807531375 0.87028301875 0.5418410046875
0 0.617924528125 0.274058578125 0.6886792453125 0.2677824265625 0.650943396875 0.1234309625 0.5837264156249999 0.1297071125 0.617924528125 0.274058578125
0 0.46344339687499997 0.274058578125 0.5377358484375 0.2677824265625 0.5212264156249999 0.1234309625 0.45400943437499997 0.1443514640625 0.46344339687499997 0.274058578125
0 0.386792453125 0.28033472812500004 0.45754717031250003 0.276150628125 0.45400943437499997 0.14016736406250002 0.3926886796875 0.14016736406250002 0.386792453125 0.28033472812500004
0 0.23702830156250002 0.278242678125 0.305424528125 0.28033472812500004 0.32311320781249997 0.1464435140625 0.2594339625 0.154811715625 0.23702830156250002 0.278242678125
0 0.1591981125 0.288702928125 0.22995282968750003 0.284518828125 0.2594339625 0.150627615625 0.18278301875 0.152719665625 0.1591981125 0.288702928125