0 0.4870283015625 0.592050209375 0.382075471875 0.6046025109375 0.3573113203125 0.9686192468750001 0.49410377343749995 0.9539748953125 0.4870283015625 0.592050209375
0 0.386792453125 0.6046025109375 0.2747641515625 0.6150627609375 0.22169811250000002 0.9895397484374999 0.3620283015625 0.972803346875 0.386792453125 0.6046025109375
0 0.6792452828125 0.5815899578125 0.581367925 0.5857740578125 0.627358490625 0.93723849375 0.747641509375 0.9225941421874999 0.6792452828125 0.5815899578125
0 0.7724056609375001 0.5815899578125 0.6792452828125 0.5836820078125 0.7488207546875 0.9267782421874999 0.8667452828125001 0.905857740625 0.7724056609375001 0.5815899578125
0 0.8691037734375 0.56485355625 0.7700471703125 0.5774058578125 0.8679245281249999 0.9121338906249999 0.9752358484375 0.8849372390625 0.8691037734375 0.56485355625
0 0.6025943390624999 0.2677824265625 0.6768867921874999 0.26987447656249997 0.6403301890625 0.1380753140625 0.579009434375 0.1380753140625 0.6025943390624999 0.2677824265625
0 0.4599056609375 0.27196652656250003 0.531839621875 0.2677824265625 0.5176886796875 0.1422594140625 0.4504716984375 0.1422594140625 0.4599056609375 0.27196652656250003
0 0.3808962265625 0.28033472812500004 0.456367925 0.276150628125 0.449292453125 0.1380753140625 0.38915094375 0.148535565625 0.3808962265625 0.28033472812500004
0 0.22405660312500003 0.288702928125 0.3030660375 0.28033472812500004 0.319575471875 0.1380753140625 0.2582547171875 0.1464435140625 0.22405660312500003 0.288702928125
0 0.14740566093750002 0.28661087812499997 0.22405660312500003 0.288702928125 0.25471698125 0.156903765625 0.18278301875 0.1673640171875 0.14740566093750002 0.28661087812499997
1 0.6910377359375001 0.30334727968749997 0.761792453125 0.288702928125 0.7146226421875 0.11715481093749999 0.64858490625 0.1380753140625 0.6910377359375001 0.30334727968749997
1 0.5341981125 0.26359832656250004 0.6037735843750001 0.26359832656250004 0.57665094375 0.1297071125 0.518867925 0.13389121406249999 0.5341981125 0.26359832656250004
1 0.30778301875 0.288702928125 0.3808962265625 0.28033472812500004 0.3879716984375 0.14016736406250002 0.3207547171875 0.1380753140625 0.30778301875 0.288702928125
1 0.057783018750000005 0.28661087812499997 0.1497641515625 0.2928870296875 0.1816037734375 0.154811715625 0.1049528296875 0.13389121406249999 0.057783018750000005 0.28661087812499997
1 0.0035377359375 0.282426778125 0.056603773437500005 0.28661087812499997 0.099056603125 0.1297071125 0.0283018875 0.1234309625 0.0035377359375 0.282426778125
1 0.0825471703125 0.9874476984375 0.21933962187499997 0.9958159 0.280660378125 0.589958159375 0.1603773578125 0.5794979078125 0.0825471703125 0.9874476984375
1 0.49528301875 0.9602510453124999 0.62971698125 0.9456066953125 0.5849056609375001 0.5439330546875001 0.4775943390625 0.55857740625 0.49528301875 0.9602510453124999
1 0.1603773578125 0.5774058578125 0.0330188671875 0.5732217578125 0 0.99372385 0.083726415625 0.99372385 0.1603773578125 0.5774058578125