1 0.7099056609375001 0.3242677828125 0.7877358484375 0.31380753125 0.7405660375 0.13389121406249999 0.66391509375 0.1443514640625 0.7099056609375001 0.3242677828125
1 0.5471698109375 0.28033472812500004 0.6214622640624999 0.28033472812500004 0.588443396875 0.1443514640625 0.5377358484375 0.1422594140625 0.5471698109375 0.28033472812500004
1 0.324292453125 0.282426778125 0.39858490625 0.28661087812499997 0.40448113281250003 0.154811715625 0.33844339687499997 0.1443514640625 0.324292453125 0.282426778125
1 0.16391509375 0.282426778125 0.204009434375 0.154811715625 0.1238207546875 0.11715481093749999 0.07900943437499999 0.282426778125 0.16391509375 0.282426778125
1 0.0106132078125 0.2594142265625 0.07665094375 0.278242678125 0.125 0.11715481093749999 0.050707546874999995 0.1066945609375 0.0106132078125 0.2594142265625
1 0.1768867921875 0.55857740625 0.0896226421875 0.9832635984375001 0.22641509375000002 0.9979079499999999 0.29834905625 0.5732217578125 0.1768867921875 0.55857740625
1 0.1816037734375 0.56485355625 0.050707546874999995 0.537656903125 0 0.9979079499999999 0.08608490625000001 0.99372385 0.1816037734375 0.56485355625
1 0.6073113203125 0.5836820078125 0.49646226406249994 0.592050209375 0.49646226406249994 0.9539748953125 0.6356132078125001 0.9560669453124999 0.6073113203125 0.5836820078125
0 0.396226415625 0.587866109375 0.28891509375 0.587866109375 0.2323113203125 0.9811715484375 0.37028301875 0.972803346875 0.396226415625 0.587866109375
0 0.497641509375 0.592050209375 0.393867925 0.587866109375 0.37028301875 0.9811715484375 0.4988207546875 0.9581589953125 0.497641509375 0.592050209375
0 0.6886792453125 0.5857740578125 0.593160378125 0.587866109375 0.6356132078125001 0.970711296875 0.761792453125 0.9476987453125 0.6886792453125 0.5857740578125
0 0.7900943390624999 0.587866109375 0.694575471875 0.587866109375 0.7594339625 0.9518828453125 0.87971698125 0.93933054375 0.7900943390624999 0.587866109375
0 0.8820754718750001 0.5794979078125 0.786556603125 0.5836820078125 0.8832547171874999 0.9414225937499999 0.99528301875 0.9184100421875 0.8820754718750001 0.5794979078125
0 0.6238207546875 0.2907949796875 0.7028301890625 0.2907949796875 0.66391509375 0.1422594140625 0.593160378125 0.148535565625 0.6238207546875 0.2907949796875
0 0.47641509375 0.2907949796875 0.5518867921874999 0.2907949796875 0.5353773578125 0.1422594140625 0.469339621875 0.1443514640625 0.47641509375 0.2907949796875
0 0.396226415625 0.288702928125 0.47287735781249995 0.28661087812499997 0.46698113281250003 0.148535565625 0.405660378125 0.148535565625 0.396226415625 0.288702928125
0 0.24528301875 0.2970711296875 0.31721698125 0.2949790796875 0.3396226421875 0.156903765625 0.2700471703125 0.150627615625 0.24528301875 0.2970711296875
0 0.166273584375 0.288702928125 0.2441037734375 0.2907949796875 0.271226415625 0.148535565625 0.20754717031249997 0.1443514640625 0.166273584375 0.288702928125