1 0.6969339625 0.3012552296875 0.775943396875 0.2949790796875 0.7287735843750001 0.1297071125 0.6544811328125 0.1422594140625 0.6969339625 0.3012552296875
0 0.6191037734375 0.278242678125 0.685141509375 0.28033472812500004 0.6521226421875 0.1380753140625 0.5919811328125 0.1422594140625 0.6191037734375 0.278242678125
1 0.5412735843750001 0.28033472812500004 0.62028301875 0.28033472812500004 0.5896226421875 0.1380753140625 0.530660378125 0.1380753140625 0.5412735843750001 0.28033472812500004
0 0.47051886718749997 0.28033472812500004 0.5424528296875 0.28033472812500004 0.530660378125 0.1359832640625 0.46108490625 0.14016736406250002 0.47051886718749997 0.28033472812500004
0 0.3926886796875 0.274058578125 0.468160378125 0.276150628125 0.46344339687499997 0.14016736406250002 0.39858490625 0.1380753140625 0.3926886796875 0.274058578125
1 0.3183962265625 0.278242678125 0.39150943437499997 0.278242678125 0.40212264218750005 0.1443514640625 0.33608490625 0.1380753140625 0.3183962265625 0.278242678125
0 0.2441037734375 0.278242678125 0.31721698125 0.278242678125 0.33608490625 0.14016736406250002 0.2676886796875 0.1443514640625 0.2441037734375 0.278242678125
0 0.16509433906249998 0.276150628125 0.24174528281250002 0.276150628125 0.268867925 0.152719665625 0.20047169843749998 0.148535565625 0.16509433906249998 0.276150628125
1 0.074292453125 0.276150628125 0.161556603125 0.276150628125 0.20047169843749998 0.1464435140625 0.1238207546875 0.14016736406250002 0.074292453125 0.276150628125
1 0 0.27196652656250003 0.074292453125 0.278242678125 0.1238207546875 0.1317991625 0.037735848437500004 0.12761506250000001 0 0.27196652656250003
1 0 0.9790794984375 0.0872641515625 0.9916317984375 0.1768867921875 0.56276150625 0.053066037499999996 0.5397489546875 0 0.9790794984375
1 0.088443396875 0.9895397484374999 0.22405660312500003 0.9874476984375 0.28655660312500003 0.592050209375 0.168632075 0.5732217578125 0.088443396875 0.9895397484374999
0 0.22405660312500003 0.9811715484375 0.3667452828125 0.9832635984375001 0.3950471703125 0.594142259375 0.2877358484375 0.589958159375 0.22405660312500003 0.9811715484375
0 0.5011792453125 0.9602510453124999 0.49410377343749995 0.589958159375 0.38915094375 0.587866109375 0.3655660375 0.966527196875 0.5011792453125 0.9602510453124999
1 0.49646226406249994 0.9539748953125 0.62971698125 0.9497907953125001 0.594339621875 0.5711297078124999 0.492924528125 0.5753138078125 0.49646226406249994 0.9539748953125
0 0.757075471875 0.93723849375 0.685141509375 0.5753138078125 0.5849056609375001 0.5711297078124999 0.632075471875 0.9456066953125 0.757075471875 0.93723849375
0 0.786556603125 0.5794979078125 0.689858490625 0.5732217578125 0.7582547171875 0.93933054375 0.877358490625 0.9267782421874999 0.786556603125 0.5794979078125
0 0.877358490625 0.56903765625 0.7853773578125 0.5774058578125 0.8808962265625 0.9267782421874999 0.9917452828125001 0.9079497906249999 0.877358490625 0.56903765625