0 0.3997641515625 0.6108786609375 0.291273584375 0.6046025109375 0.23113207500000002 0.972803346875 0.3691037734375 0.970711296875 0.3997641515625 0.6108786609375
0 0.5 0.6108786609375 0.39740566093749996 0.6108786609375 0.3691037734375 0.970711296875 0.5011792453125 0.9602510453124999 0.5 0.6108786609375
1 0.6073113203125 0.6066945609375 0.4988207546875 0.6108786609375 0.5011792453125 0.9686192468750001 0.6214622640624999 0.9686192468750001 0.6073113203125 0.6066945609375
0 0.70165094375 0.6150627609375 0.6049528296875 0.6066945609375 0.6308962265625 0.962343096875 0.76415094375 0.9560669453124999 0.70165094375 0.6150627609375
0 0.7629716984375 0.9560669453124999 0.8903301890625 0.9560669453124999 0.7948113203125 0.6046025109375 0.6981132078125001 0.6087866109375 0.7629716984375 0.9560669453124999
0 0.9988207546875 0.9309623437500001 0.8879716984374999 0.592050209375 0.7924528296875 0.600418409375 0.88915094375 0.9560669453124999 0.9988207546875 0.9309623437500001
1 0.0955188671875 0.9790794984375 0.233490565625 0.9769874484375001 0.29599056562500003 0.592050209375 0.185141509375 0.5794979078125 0.0955188671875 0.9790794984375
1 0.18278301875 0.5794979078125 0.0636792453125 0.55857740625 0 0.966527196875 0.094339621875 0.9811715484375 0.18278301875 0.5794979078125
0 0.257075471875 0.28033472812500004 0.3278301890625 0.28033472812500004 0.34905660312500003 0.158995815625 0.28301886718749997 0.152719665625 0.257075471875 0.28033472812500004
1 0.331367925 0.284518828125 0.405660378125 0.28661087812499997 0.416273584375 0.152719665625 0.353773584375 0.152719665625 0.331367925 0.284518828125
0 0.405660378125 0.282426778125 0.47995282968749997 0.282426778125 0.4752358484375 0.163179915625 0.41155660312500003 0.158995815625 0.405660378125 0.282426778125
0 0.47995282968749997 0.28033472812500004 0.5530660375 0.274058578125 0.5424528296875 0.161087865625 0.47641509375 0.161087865625 0.47995282968749997 0.28033472812500004
1 0.555424528125 0.284518828125 0.6308962265625 0.28661087812499997 0.6002358484375 0.150627615625 0.543632075 0.150627615625 0.555424528125 0.284518828125
0 0.6332547171875 0.2907949796875 0.7075471703125 0.2949790796875 0.668632075 0.163179915625 0.60141509375 0.158995815625 0.6332547171875 0.2907949796875
1 0.7099056609375001 0.30753138125 0.7877358484375 0.31171548125 0.74528301875 0.150627615625 0.67334905625 0.163179915625 0.7099056609375001 0.30753138125
0 0.180424528125 0.282426778125 0.25 0.28661087812499997 0.27830188749999996 0.17154811718750002 0.21933962187499997 0.161087865625 0.180424528125 0.282426778125
1 0.1049528296875 0.284518828125 0.1768867921875 0.284518828125 0.21580188749999998 0.163179915625 0.1450471703125 0.1443514640625 0.1049528296875 0.284518828125
1 0.0247641515625 0.26987447656249997 0.0978773578125 0.278242678125 0.13325471718749998 0.1464435140625 0.06721698125 0.12761506250000001 0.0247641515625 0.26987447656249997