1 0.699292453125 0.2949790796875 0.7747641515625 0.28033472812500004 0.72641509375 0.10041840937499999 0.6533018875 0.11924686250000001 0.699292453125 0.2949790796875
1 0.5448113203125 0.2677824265625 0.6143867921874999 0.2677824265625 0.5837264156249999 0.12133891249999999 0.5247641515625 0.1234309625 0.5448113203125 0.2677824265625
1 0.3219339625 0.28033472812500004 0.39150943437499997 0.278242678125 0.396226415625 0.1443514640625 0.3301886796875 0.14016736406250002 0.3219339625 0.28033472812500004
1 0.074292453125 0.2949790796875 0.156839621875 0.2949790796875 0.19575471718749998 0.152719665625 0.11556603750000001 0.1297071125 0.074292453125 0.2949790796875
1 0 0.28033472812500004 0.07075471718750001 0.2949790796875 0.11556603750000001 0.12761506250000001 0.043632075 0.11715481093749999 0 0.28033472812500004
1 0.1780660375 0.56485355625 0.10377358437499999 0.9874476984375 0.2405660375 0.9874476984375 0.29599056562500003 0.5857740578125 0.1780660375 0.56485355625
1 0.5082547171875 0.9518828453125 0.632075471875 0.94351464375 0.5966981125 0.5439330546875001 0.49174528281249996 0.55857740625 0.5082547171875 0.9518828453125
1 0.10377358437499999 0.9916317984375 0.1768867921875 0.5732217578125 0.0448113203125 0.5397489546875 0 0.9958159 0.10377358437499999 0.9916317984375
0 0.39858490625 0.589958159375 0.28891509375 0.598326359375 0.2405660375 0.9832635984375001 0.375 0.9686192468750001 0.39858490625 0.589958159375
0 0.4905660375 0.5794979078125 0.3997641515625 0.596234309375 0.3785377359375 0.966527196875 0.50471698125 0.9456066953125 0.4905660375 0.5794979078125
0 0.641509434375 0.93933054375 0.76415094375 0.9184100421875 0.6933962265625 0.56276150625 0.594339621875 0.56903765625 0.641509434375 0.93933054375
0 0.8879716984374999 0.9016736406250001 0.781839621875 0.5606694562500001 0.6933962265625 0.5711297078124999 0.7653301890625 0.9184100421875 0.8879716984374999 0.9016736406250001
0 0.9929245281249999 0.8807531375 0.877358490625 0.5439330546875001 0.780660378125 0.56276150625 0.8879716984374999 0.9016736406250001 0.9929245281249999 0.8807531375
0 0.617924528125 0.2656903765625 0.6910377359375001 0.2656903765625 0.6533018875 0.1234309625 0.5908018875 0.1255230125 0.617924528125 0.2656903765625
0 0.468160378125 0.27196652656250003 0.5412735843750001 0.2677824265625 0.525943396875 0.13389121406249999 0.4599056609375 0.1380753140625 0.468160378125 0.27196652656250003
0 0.46108490625 0.1443514640625 0.3950471703125 0.148535565625 0.393867925 0.28033472812500004 0.46698113281250003 0.282426778125 0.46108490625 0.1443514640625
0 0.2393867921875 0.288702928125 0.31721698125 0.282426778125 0.3325471703125 0.14016736406250002 0.2676886796875 0.150627615625 0.2393867921875 0.288702928125
0 0.1627358484375 0.288702928125 0.2323113203125 0.288702928125 0.26415094375 0.156903765625 0.1910377359375 0.148535565625 0.1627358484375 0.288702928125