0 0.2796495953125 0.6007172734374999 0.22405660312500003 0.9877465624999999 0.36472371875 0.9683203828125 0.38241239843749997 0.596234309375 0.2796495953125 0.6007172734374999
0 0.362196765625 0.971309025 0.4961253375 0.9533771671875 0.484332884375 0.5932456671875 0.38241239843749997 0.5977286312500001 0.362196765625 0.971309025
0 0.75471698125 0.9234907343750001 0.67722371875 0.572325165625 0.5845687328125 0.5768081296875 0.62584231875 0.9384339515625 0.75471698125 0.9234907343750001
0 0.8684299187500001 0.899581590625 0.7707210250000001 0.56485355625 0.6763814015625 0.5753138078125 0.751347709375 0.9234907343750001 0.8684299187500001 0.899581590625
0 0.9754043125 0.8801554093749999 0.861691375 0.5514046625 0.7690363875 0.5693365203125 0.8684299187500001 0.9040645546875 0.9754043125 0.8801554093749999
0 0.2577493265625 0.1509264796875 0.2291105125 0.2794381359375 0.308288409375 0.27495516875 0.3217654984375 0.143454871875 0.2577493265625 0.1509264796875
0 0.1853099734375 0.143454871875 0.1490902953125 0.2764494921875 0.2291105125 0.28093245625 0.25690700781250003 0.1479378375 0.1853099734375 0.143454871875
0 0.3874663078125 0.13747758593749998 0.3832547171875 0.27495516875 0.45737870625 0.2704722046875 0.45232479843749995 0.13897190625 0.3874663078125 0.13747758593749998
0 0.5323450125 0.265989240625 0.5163409703124999 0.13747758593749998 0.45232479843749995 0.14196055000000002 0.458221025 0.2674835625 0.5323450125 0.265989240625
0 0.579514825 0.1315002984375 0.605626684375 0.2555289890625 0.6730121296875 0.2555289890625 0.6426886796875 0.1300059765625 0.579514825 0.1315002984375
1 0.0833894875 0.9907352078124999 0.224898921875 0.9892408843749999 0.277964959375 0.5992229515624999 0.156671159375 0.6066945609375 0.0833894875 0.9907352078124999
1 0.5870956875 0.58129109375 0.48349056562500003 0.5932456671875 0.49696765468750004 0.95786013125 0.6233153640625 0.9354453078124999 0.5870956875 0.58129109375
1 0 0.9967124921874999 0.0833894875 0.99372385 0.157513478125 0.6081888828124999 0.026954178125 0.611177525 0 0.705319784375 0 0.9967124921874999
1 0.060646900000000004 0.28392110000000004 0.1499326140625 0.28392110000000004 0.18446765468749998 0.1464435140625 0.10613207499999999 0.1464435140625 0.060646900000000004 0.28392110000000004
1 0.3217654984375 0.1449491921875 0.3099730453125 0.2704722046875 0.3832547171875 0.27346085000000003 0.38830862499999996 0.143454871875 0.3217654984375 0.1449491921875
1 0.5171832890625 0.13747758593749998 0.53318733125 0.265989240625 0.6039420484375 0.2600119546875 0.5820417796874999 0.132994621875 0.5171832890625 0.13747758593749998
1 0.6469002703125 0.14196055000000002 0.674696765625 0.2630005984375 0.7564016171875 0.2540346671875 0.71597035 0.124028690625 0.6469002703125 0.14196055000000002