0 0.71681266875 0.612671846875 0.79262129375 0.9638374187500001 0.9147574125 0.9533771671875 0.8069407 0.5977286312500001 0.71681266875 0.612671846875
0 0.5239218328125 0.9877465624999999 0.5112870625 0.611177525 0.407681940625 0.6201434546875 0.3899932625 0.9922295265625 0.5239218328125 0.9877465624999999
0 0.782513478125 0.9608487734375 0.7075471703125 0.6052002390625 0.613207546875 0.6081888828124999 0.6570080859375 0.97429766875 0.782513478125 0.9608487734375
0 0.25606469062500004 0.9892408843749999 0.38830862499999996 0.99372385 0.407681940625 0.6171548109375 0.308288409375 0.6201434546875 0.25606469062500004 0.9892408843749999
0 0.261960915625 0.31380753125 0.3352425875 0.30783024531250003 0.35208895 0.18828451875000002 0.2922843671875 0.18828451875000002 0.261960915625 0.31380753125
0 0.25859164375 0.315301853125 0.2905997296875 0.18828451875000002 0.22405660312500003 0.1927674828125 0.1886792453125 0.321279140625 0.25859164375 0.315301853125
0 0.41020889531250004 0.29886431562500004 0.48517520156250005 0.295875671875 0.47590970468749993 0.174835625 0.41357816718749996 0.179318590625 0.41020889531250004 0.29886431562500004
0 0.479278975 0.170352659375 0.48096361249999997 0.2869097421875 0.5534029640625 0.28989838749999997 0.5407681953125001 0.1688583390625 0.479278975 0.170352659375
0 0.6073113203125 0.164375375 0.628369271875 0.28093245625 0.70165094375 0.28392110000000004 0.6688005390625 0.156903765625 0.6073113203125 0.164375375
0 0.9973045828125 0.8129109390625 0.9088611859375 0.5842797359375 0.811152290625 0.6007172734374999 0.9172843671875001 0.95786013125 0.9988207546875 0.9533771671875 0.9973045828125 0.8129109390625
1 0.61068059375 0.609683203125 0.5171832890625 0.6201434546875 0.521394878125 0.9832635984375001 0.6544811328125 0.9787806343750001 0.61068059375 0.609683203125
1 0.3032345015625 0.6306037046874999 0.19794474374999999 0.6395696359375 0.12803234531250002 0.9922295265625 0.2526954171875 0.9967124921874999 0.3032345015625 0.6306037046874999
1 0.11876684687500001 0.9862522406249999 0.1895215640625 0.6395696359375 0.079177896875 0.6365809921875 0 0.9832635984375001 0.11876684687500001 0.9862522406249999
1 0.110343665625 0.32277346093750003 0.186152290625 0.31978481875 0.2190026953125 0.1972504484375 0.14824797812499999 0.1972504484375 0.110343665625 0.32277346093750003
1 0.049696765625 0.32277346093750003 0.0985512140625 0.321279140625 0.1431940703125 0.1942618046875 0.0859164421875 0.1912731609375 0.049696765625 0.32277346093750003
1 0.3411388140625 0.30633592187500003 0.407681940625 0.30334727968749997 0.41357816718749996 0.179318590625 0.353773584375 0.18380155468749998 0.3411388140625 0.30633592187500003
1 0.55592991875 0.28093245625 0.62415768125 0.282426778125 0.6030997296875 0.1628810515625 0.5475067375 0.1688583390625 0.55592991875 0.28093245625
1 0.7075471703125 0.2913927078125 0.7833557953125 0.28392110000000004 0.7370283015625 0.1479378375 0.675539084375 0.1613867296875 0.7075471703125 0.2913927078125