0 0.27375336875 0.164375375 0.24511455468749999 0.2943813515625 0.323450134375 0.2869097421875 0.3352425875 0.1583980875 0.27375336875 0.164375375
0 0.3975741234375 0.14943215625 0.3967318046875 0.2779438140625 0.469171159375 0.28093245625 0.4632749328125 0.1449491921875 0.3975741234375 0.14943215625
0 0.46243261406249997 0.1449491921875 0.470013478125 0.27495516875 0.5424528296875 0.27346085000000003 0.5289757421875 0.140466228125 0.46243261406249997 0.1449491921875
0 0.5870956875 0.13747758593749998 0.6191037734375 0.26897788437500003 0.689858490625 0.258517634375 0.651954178125 0.1285116546875 0.5870956875 0.13747758593749998
0 0.3975741234375 0.6007172734374999 0.3798854453125 0.9787806343750001 0.5154986515625 0.95786013125 0.5020215640625 0.6007172734374999 0.3975741234375 0.6007172734374999
0 0.29818059375 0.611177525 0.246799190625 0.9922295265625 0.3840970359375 0.9772863109375001 0.3967318046875 0.5992229515624999 0.29818059375 0.611177525
0 0.6022574125 0.596234309375 0.6494272234375 0.9503885234375 0.7715633421875 0.926479378125 0.6974393531249999 0.5902570234375 0.6022574125 0.596234309375
0 0.8995956875 0.9145248046875001 0.789252021875 0.5618649140625 0.6949123984375001 0.5917513453125001 0.7724056609375001 0.9294680203125001 0.8995956875 0.9145248046875001
0 0.9988207546875 0.8652121953125 0.8844339625 0.54841601875 0.789252021875 0.5693365203125 0.8970687328125001 0.9145248046875001 0.9973045828125 0.899581590625 0.9988207546875 0.8652121953125
0 0.19794474374999999 0.1658696953125 0.1693059296875 0.295875671875 0.246799190625 0.2928870296875 0.27291105 0.1628810515625 0.19794474374999999 0.1658696953125
1 0.3352425875 0.15540944375000001 0.32850404375000003 0.28093245625 0.3967318046875 0.28093245625 0.40094339687499997 0.1539151234375 0.3352425875 0.15540944375000001
1 0.09097035 0.30484160312499997 0.1659366578125 0.29736999375 0.20047169843749998 0.1673640171875 0.1271900265625 0.170352659375 0.09097035 0.30484160312499997
1 0.530660378125 0.1359832640625 0.545822103125 0.2704722046875 0.6182614546874999 0.2704722046875 0.5896226421875 0.13448894218750002 0.530660378125 0.1359832640625
1 0.6578504046875 0.1300059765625 0.6923854453125 0.26449491875 0.767351753125 0.2555289890625 0.72439353125 0.1210400484375 0.6578504046875 0.1300059765625
1 0.6030997296875 0.5917513453125001 0.5003369265625001 0.6007172734374999 0.5112870625 0.956365809375 0.643530996875 0.9459055578125 0.6030997296875 0.5917513453125001
1 0.10950134843749999 0.99372385 0.247641509375 0.9922295265625 0.29649595624999997 0.611177525 0.178571428125 0.6201434546875 0.10950134843749999 0.99372385
1 0.10950134843749999 0.995218171875 0.18025606562500002 0.6216377765625001 0.05390835625 0.626120740625 0.0016846359375000002 0.8084279734375001 0.0016846359375000002 0.995218171875 0.10950134843749999 0.995218171875