0 0.39858490625 0.28033472812500004 0.469339621875 0.274058578125 0.468160378125 0.1464435140625 0.405660378125 0.150627615625 0.39858490625 0.28033472812500004
0 0.5448113203125 0.278242678125 0.5330188671875 0.1443514640625 0.468160378125 0.1443514640625 0.47169811250000004 0.27196652656250003 0.5448113203125 0.278242678125
0 0.6167452828125 0.282426778125 0.69221698125 0.28033472812500004 0.6580188671875 0.1422594140625 0.594339621875 0.1464435140625 0.6167452828125 0.282426778125
0 0.7853773578125 0.5794979078125 0.6933962265625 0.600418409375 0.75471698125 0.9414225937499999 0.877358490625 0.9246861921875 0.7853773578125 0.5794979078125
0 0.8867924531250001 0.5794979078125 0.7841981125 0.587866109375 0.87971698125 0.93933054375 0.9964622640625 0.9267782421874999 0.8867924531250001 0.5794979078125
0 0.69221698125 0.594142259375 0.5955188671875 0.594142259375 0.6356132078125001 0.9476987453125 0.7606132078125001 0.9456066953125 0.69221698125 0.594142259375
0 0.49410377343749995 0.6066945609375 0.3926886796875 0.594142259375 0.3667452828125 0.966527196875 0.4988207546875 0.9644351468749999 0.49410377343749995 0.6066945609375
0 0.3926886796875 0.6025104609375 0.2853773578125 0.6066945609375 0.22995282968750003 0.970711296875 0.3655660375 0.9686192468750001 0.3926886796875 0.6025104609375
0 0.2488207546875 0.274058578125 0.319575471875 0.274058578125 0.3372641515625 0.158995815625 0.27594339687499997 0.154811715625 0.2488207546875 0.274058578125
0 0.17099056562499998 0.282426778125 0.2441037734375 0.28033472812500004 0.2771226421875 0.156903765625 0.199292453125 0.150627615625 0.17099056562499998 0.282426778125
1 0.70165094375 0.30334727968749997 0.775943396875 0.2970711296875 0.73584905625 0.13389121406249999 0.6603773578125 0.14016736406250002 0.70165094375 0.30334727968749997
1 0.5518867921874999 0.26987447656249997 0.6167452828125 0.2677824265625 0.594339621875 0.1422594140625 0.530660378125 0.1443514640625 0.5518867921874999 0.26987447656249997
1 0.324292453125 0.276150628125 0.3950471703125 0.282426778125 0.406839621875 0.148535565625 0.343160378125 0.13389121406249999 0.324292453125 0.276150628125
1 0.074292453125 0.26987447656249997 0.166273584375 0.282426778125 0.208726415625 0.150627615625 0.12028301875 0.12133891249999999 0.074292453125 0.26987447656249997
1 0.0035377359375 0.25523012500000003 0.0754716984375 0.27196652656250003 0.1167452828125 0.11715481093749999 0.0471698109375 0.1025104609375 0.0035377359375 0.25523012500000003
1 0.1839622640625 0.5083682015625001 0.057783018750000005 0.49372385 0 0.9769874484375001 0.083726415625 0.9979079499999999 0.1839622640625 0.5083682015625001
1 0.22169811250000002 0.9979079499999999 0.29009433906250004 0.589958159375 0.16981132031249999 0.56276150625 0.088443396875 0.9958159 0.22169811250000002 0.9979079499999999
1 0.606132075 0.5711297078124999 0.497641509375 0.5732217578125 0.49528301875 0.9602510453124999 0.6344339625 0.962343096875 0.606132075 0.5711297078124999