1 0.3226078171875 0.1464435140625 0.308288409375 0.2764494921875 0.384939353125 0.27495516875 0.3899932625 0.140466228125 0.3226078171875 0.1464435140625
1 0.5129716984375 0.143454871875 0.53402965 0.27346085000000003 0.606469003125 0.265989240625 0.5811994609375 0.13897190625 0.5129716984375 0.143454871875
1 0.6426886796875 0.13747758593749998 0.6839622640624999 0.28392110000000004 0.7589285718750001 0.28093245625 0.7109164421874999 0.13448894218750002 0.6426886796875 0.13747758593749998
1 0.1465633421875 0.2913927078125 0.1853099734375 0.14943215625 0.10528975781250001 0.143454871875 0.0699123984375 0.2854154203125 0.1465633421875 0.2913927078125
1 0.0075808625000000004 0.27196652656250003 0.0623315359375 0.27495516875 0.1010781671875 0.14196055000000002 0.0446428578125 0.14196055000000002 0.0075808625000000004 0.27196652656250003
1 0.0817048515625 0.99372385 0.22405660312500003 0.9892408843749999 0.2788072765625 0.6022115968749999 0.1541442046875 0.6171548109375 0.0817048515625 0.99372385
1 0.4860175203125 0.5932456671875 0.49528301875 0.9518828453125 0.62415768125 0.9339509859374999 0.5870956875 0.5857740578125 0.4860175203125 0.5932456671875
1 0.0016846359375000002 0.99372385 0.0825471703125 0.9892408843749999 0.1541442046875 0.6171548109375 0.035377357812499996 0.612671846875 0 0.697848178125 0.0016846359375000002 0.99372385
0 0.2265835578125 0.282426778125 0.3066037734375 0.2764494921875 0.3217654984375 0.1479378375 0.2543800546875 0.14943215625 0.2265835578125 0.282426778125
0 0.3908355796875 0.143454871875 0.3832547171875 0.2779438140625 0.458221025 0.26897788437500003 0.4514824796875 0.13747758593749998 0.3908355796875 0.143454871875
0 0.45653638750000003 0.27196652656250003 0.53318733125 0.27346085000000003 0.5154986515625 0.14196055000000002 0.44979784375 0.14196055000000002 0.45653638750000003 0.27196652656250003
0 0.582884096875 0.140466228125 0.606469003125 0.2674835625 0.67890835625 0.27346085000000003 0.643530996875 0.1359832640625 0.582884096875 0.140466228125
0 0.1490902953125 0.2854154203125 0.2274258765625 0.28392110000000004 0.2526954171875 0.14943215625 0.1878369265625 0.14943215625 0.1490902953125 0.2854154203125
0 0.3840970359375 0.6022115968749999 0.28217655 0.6052002390625 0.22405660312500003 0.9877465624999999 0.363039084375 0.971309025 0.3840970359375 0.6022115968749999
0 0.48517520156250005 0.6007172734374999 0.3807277625 0.6022115968749999 0.3638814015625 0.9683203828125 0.4961253375 0.9518828453125 0.48517520156250005 0.6007172734374999
0 0.6814353093750001 0.58129109375 0.58541105 0.5857740578125 0.62415768125 0.9309623437500001 0.751347709375 0.9175134500000001 0.6814353093750001 0.58129109375
0 0.7715633421875 0.5738194859375 0.67722371875 0.5857740578125 0.7479784359375 0.9190077703125 0.8701145546875001 0.9025702328125 0.7715633421875 0.5738194859375
0 0.8650606468750001 0.56485355625 0.7715633421875 0.572325165625 0.8684299187500001 0.9040645546875 0.9804582203125 0.884638375 0.8650606468750001 0.56485355625