1 0.704009434375 0.30543933125 0.7853773578125 0.3012552296875 0.7287735843750001 0.1087866109375 0.6544811328125 0.12133891249999999 0.704009434375 0.30543933125
1 0.545990565625 0.27196652656250003 0.622641509375 0.26359832656250004 0.5837264156249999 0.12761506250000001 0.525943396875 0.12761506250000001 0.545990565625 0.27196652656250003
1 0.319575471875 0.2928870296875 0.39150943437499997 0.2907949796875 0.39858490625 0.150627615625 0.3301886796875 0.150627615625 0.319575471875 0.2928870296875
1 0.0778301890625 0.30962343125 0.1603773578125 0.30753138125 0.194575471875 0.152719665625 0.11320754687500001 0.14016736406250002 0.0778301890625 0.30962343125
1 0 0.2928870296875 0.0754716984375 0.30753138125 0.108490565625 0.1422594140625 0.038915093750000004 0.13389121406249999 0 0.2928870296875
1 0.5094339625 0.9539748953125 0.627358490625 0.9476987453125 0.6025943390624999 0.525104603125 0.49646226406249994 0.533472803125 0.5094339625 0.9539748953125
1 0.2441037734375 0.99372385 0.29834905625 0.5836820078125 0.1768867921875 0.5753138078125 0.10966981093749999 0.9979079499999999 0.2441037734375 0.99372385
1 0.1839622640625 0.56485355625 0.0613207546875 0.56276150625 0 0.9979079499999999 0.10731132031249999 0.9916317984375 0.1839622640625 0.56485355625
0 0.40448113281250003 0.592050209375 0.2971698109375 0.5857740578125 0.242924528125 0.9853556484375 0.37971698125 0.9769874484375001 0.40448113281250003 0.592050209375
0 0.49410377343749995 0.5836820078125 0.40448113281250003 0.589958159375 0.3785377359375 0.966527196875 0.5106132078125001 0.9602510453124999 0.49410377343749995 0.5836820078125
0 0.6981132078125001 0.5523012546875 0.6037735843750001 0.5606694562500001 0.632075471875 0.93933054375 0.7712264156249999 0.9184100421875 0.6981132078125001 0.5523012546875
0 0.7900943390624999 0.5481171546875 0.694575471875 0.5606694562500001 0.77358490625 0.9205020921875 0.8926886796875 0.905857740625 0.7900943390624999 0.5481171546875
0 0.88915094375 0.5397489546875 0.7912735843750001 0.5481171546875 0.8974056609375 0.9163179921875001 0.9988207546875 0.8849372390625 0.88915094375 0.5397489546875
0 0.622641509375 0.26987447656249997 0.689858490625 0.257322175 0.6544811328125 0.1234309625 0.588443396875 0.1359832640625 0.622641509375 0.26987447656249997
0 0.4599056609375 0.1443514640625 0.40212264218750005 0.150627615625 0.3926886796875 0.28033472812500004 0.468160378125 0.28033472812500004 0.4599056609375 0.1443514640625
0 0.247641509375 0.288702928125 0.3113207546875 0.284518828125 0.333726415625 0.1464435140625 0.2676886796875 0.1464435140625 0.247641509375 0.288702928125
0 0.1591981125 0.2991631796875 0.23702830156250002 0.2991631796875 0.26415094375 0.161087865625 0.189858490625 0.158995815625 0.1591981125 0.2991631796875
0 0.47169811250000004 0.276150628125 0.5448113203125 0.274058578125 0.5271226421875 0.1297071125 0.46580188749999996 0.13389121406249999 0.47169811250000004 0.276150628125