1 0.3023921828125 0.6276150625 0.18446765468749998 0.6380753140625 0.1238207546875 0.99372385 0.255222371875 0.995218171875 0.3023921828125 0.6276150625
1 0.506233153125 0.6081888828124999 0.518867925 0.9757919890625001 0.6578504046875 0.962343096875 0.6081536390625 0.5992229515624999 0.506233153125 0.6081888828124999
1 0 0.9787806343750001 0.12129380000000001 0.9922295265625 0.186994609375 0.635086671875 0.07412398906249999 0.6320980265625 0 0.9787806343750001
1 0.325134771875 0.3018529578125 0.40178571406249997 0.2943813515625 0.4085242578125 0.1628810515625 0.3411388140625 0.1658696953125 0.325134771875 0.3018529578125
1 0.5323450125 0.1509264796875 0.5475067375 0.27196652656250003 0.6233153640625 0.26897788437500003 0.59467655 0.1464435140625 0.5323450125 0.1509264796875
1 0.6586927234375 0.143454871875 0.7067048515625001 0.30035863749999997 0.782513478125 0.2794381359375 0.7370283015625 0.1315002984375 0.6586927234375 0.143454871875
1 0.0985512140625 0.3182904953125 0.178571428125 0.3182904953125 0.21226415156249998 0.180812909375 0.14824797812499999 0.18380155468749998 0.0985512140625 0.3182904953125
1 0.03958895 0.321279140625 0.09181266875 0.3182904953125 0.1314016171875 0.1852958765625 0.07412398906249999 0.189778840625 0.03958895 0.321279140625
0 0.4059973046875 0.6276150625 0.299865228125 0.6276150625 0.2535377359375 0.9922295265625 0.38830862499999996 0.9892408843749999 0.4059973046875 0.6276150625
0 0.506233153125 0.618649134375 0.40347035 0.629109384375 0.3866239890625 0.9892408843749999 0.5197102421875 0.9787806343750001 0.506233153125 0.618649134375
0 0.6578504046875 0.956365809375 0.7833557953125 0.9384339515625 0.6999663078125 0.579796771875 0.6073113203125 0.5992229515624999 0.6578504046875 0.956365809375
0 0.779986521875 0.9414225937499999 0.910545821875 0.9309623437500001 0.7993598390625001 0.5753138078125 0.6999663078125 0.579796771875 0.779986521875 0.9414225937499999
0 0.9988207546875 0.9070531984375 0.9988207546875 0.8248655109374999 0.8987533687499999 0.563359234375 0.7976752015625 0.57830245 0.9088611859375 0.926479378125 0.9988207546875 0.9070531984375
0 0.179413746875 0.31231320937499996 0.2518531 0.31231320937499996 0.27628032343750003 0.1823072328125 0.21226415156249998 0.18380155468749998 0.179413746875 0.31231320937499996
0 0.2543800546875 0.3108188890625 0.327661725 0.30334727968749997 0.340296496875 0.164375375 0.27375336875 0.17184698125 0.2543800546875 0.3108188890625
0 0.40010107812499995 0.2928870296875 0.4742250671875 0.28392110000000004 0.469171159375 0.1583980875 0.406839621875 0.1613867296875 0.40010107812499995 0.2928870296875
0 0.4742250671875 0.282426778125 0.54834905625 0.27346085000000003 0.5323450125 0.14943215625 0.467486521875 0.156903765625 0.4742250671875 0.282426778125
0 0.62415768125 0.27196652656250003 0.6957547171875 0.265989240625 0.6561657671875001 0.1359832640625 0.59467655 0.1449491921875 0.62415768125 0.27196652656250003