0 0.1659366578125 0.288404065625 0.2442722375 0.288404065625 0.270384096875 0.1598924078125 0.1996293796875 0.1583980875 0.1659366578125 0.288404065625
0 0.2442722375 0.28392110000000004 0.3209231796875 0.28392110000000004 0.3335579515625 0.15540944375000001 0.2686994609375 0.156903765625 0.2442722375 0.28392110000000004
0 0.393362534375 0.27346085000000003 0.468328840625 0.2674835625 0.46243261406249997 0.1449491921875 0.3984164421875 0.1479378375 0.393362534375 0.27346085000000003
0 0.46580188749999996 0.265989240625 0.5416105124999999 0.2615062765625 0.52560646875 0.13897190625 0.46243261406249997 0.1479378375 0.46580188749999996 0.265989240625
0 0.590464959375 0.132994621875 0.6165768203125 0.2615062765625 0.6848045828125 0.2615062765625 0.6544811328125 0.1285116546875 0.590464959375 0.132994621875
0 0.3950471703125 0.6081888828124999 0.2905997296875 0.6081888828124999 0.23753369218749998 0.9877465624999999 0.377358490625 0.97429766875 0.3950471703125 0.6081888828124999
0 0.49696765468750004 0.6007172734374999 0.393362534375 0.6081888828124999 0.378200809375 0.972803346875 0.51044474375 0.9548714875 0.49696765468750004 0.6007172734374999
0 0.690700809375 0.5857740578125 0.598045821875 0.5902570234375 0.636792453125 0.9399282718749999 0.765667115625 0.9190077703125 0.690700809375 0.5857740578125
0 0.7917789749999999 0.579796771875 0.689858490625 0.5857740578125 0.7648247984375 0.9190077703125 0.887803234375 0.9070531984375 0.7917789749999999 0.579796771875
0 0.8819070078125 0.5603705921875 0.7858827484375001 0.57830245 0.887803234375 0.9085475187500001 0.9988207546875 0.884638375 0.8819070078125 0.5603705921875
1 0.104447440625 0.9922295265625 0.23921832968749998 0.9892408843749999 0.2922843671875 0.61416616875 0.171832884375 0.635086671875 0.104447440625 0.9922295265625
1 0.00084231875 0.760609684375 0 0.995218171875 0.104447440625 0.9967124921874999 0.17435983906250002 0.626120740625 0.06148921875 0.5842797359375 0.00084231875 0.760609684375
1 0.0825471703125 0.2943813515625 0.1634097046875 0.2928870296875 0.19794474374999999 0.1583980875 0.1314016171875 0.156903765625 0.0825471703125 0.2943813515625
1 0.0210579515625 0.29736999375 0.07412398906249999 0.295875671875 0.1271900265625 0.156903765625 0.0631738546875 0.1539151234375 0.0210579515625 0.29736999375
1 0.3226078171875 0.282426778125 0.392520215625 0.2794381359375 0.3984164421875 0.1464435140625 0.331030996875 0.1509264796875 0.3226078171875 0.282426778125
1 0.545822103125 0.258517634375 0.613207546875 0.258517634375 0.5896226421875 0.132994621875 0.5247641515625 0.1359832640625 0.545822103125 0.258517634375
1 0.689016171875 0.2600119546875 0.7715633421875 0.2630005984375 0.729447440625 0.118051403125 0.6578504046875 0.127017334375 0.689016171875 0.2600119546875
1 0.599730459375 0.5932456671875 0.4944407 0.5932456671875 0.507075471875 0.9548714875 0.64100404375 0.9414225937499999 0.599730459375 0.5932456671875