0 0.2897574125 0.5947399875 0.22995282968750003 0.9698147046875001 0.3672506734375 0.9698147046875001 0.391677896875 0.5902570234375 0.2897574125 0.5947399875
0 0.27543800625000003 0.1509264796875 0.24511455468749999 0.2764494921875 0.3209231796875 0.28093245625 0.33608490625 0.14943215625 0.27543800625000003 0.1509264796875
0 0.4051549875 0.1464435140625 0.3967318046875 0.27346085000000003 0.47169811250000004 0.27196652656250003 0.4666442046875 0.13897190625 0.4051549875 0.1464435140625
0 0.469171159375 0.2704722046875 0.544137465625 0.27346085000000003 0.530660378125 0.13897190625 0.46495956875 0.1449491921875 0.469171159375 0.2704722046875
0 0.59467655 0.1449491921875 0.6165768203125 0.2704722046875 0.6915431265625 0.27196652656250003 0.66374663125 0.140466228125 0.59467655 0.1449491921875
0 0.16762129375 0.27196652656250003 0.24511455468749999 0.27346085000000003 0.27543800625000003 0.1464435140625 0.202156334375 0.143454871875 0.16762129375 0.27196652656250003
0 0.4935983828125 0.596234309375 0.38915094375 0.5977286312500001 0.3672506734375 0.9668260609375 0.499494609375 0.95786013125 0.4935983828125 0.596234309375
0 0.689858490625 0.5932456671875 0.590464959375 0.5902570234375 0.6300539078125 0.9548714875 0.75471698125 0.9339509859374999 0.689858490625 0.5932456671875
0 0.78504043125 0.58129109375 0.6873315359375 0.5947399875 0.7530323453125 0.9384339515625 0.8810646906249999 0.9369396296874999 0.78504043125 0.58129109375
0 0.880222371875 0.58726838125 0.782513478125 0.5842797359375 0.8810646906249999 0.932456665625 0.9905660375 0.9130304828125 0.880222371875 0.58726838125
1 0.3369272234375 0.14943215625 0.3192385453125 0.2779438140625 0.393362534375 0.2764494921875 0.40347035 0.1479378375 0.3369272234375 0.14943215625
1 0.5432951484374999 0.2704722046875 0.6165768203125 0.2704722046875 0.59467655 0.14196055000000002 0.5298180593749999 0.140466228125 0.5432951484374999 0.2704722046875
1 0.6662735843750001 0.14196055000000002 0.6932277625000001 0.27346085000000003 0.7715633421875 0.27196652656250003 0.7328167109375 0.13448894218750002 0.6662735843750001 0.14196055000000002
1 0.087601078125 0.27346085000000003 0.1625673859375 0.2704722046875 0.20047169843749998 0.1449491921875 0.1196091640625 0.1359832640625 0.087601078125 0.27346085000000003
1 0.0016846359375000002 0.9847579203124999 0.09097035 0.9832635984375001 0.1693059296875 0.5917513453125001 0.0463274921875 0.58726838125 0 0.9010759125 0.0016846359375000002 0.9847579203124999
1 0.087601078125 0.98027495625 0.22995282968750003 0.9787806343750001 0.2897574125 0.5977286312500001 0.17014824687500002 0.5947399875 0.087601078125 0.98027495625
1 0.49275606562499996 0.5902570234375 0.5011792453125 0.9608487734375 0.6300539078125 0.948894203125 0.5938342328124999 0.5887627015625 0.49275606562499996 0.5902570234375