1 0.6969339625 0.2949790796875 0.7841981125 0.28661087812499997 0.7370283015625 0.1255230125 0.6627358484375 0.1422594140625 0.6969339625 0.2949790796875
1 0.3301886796875 0.30753138125 0.40094339687499997 0.3012552296875 0.40919811250000004 0.1673640171875 0.34080188749999996 0.1673640171875 0.3301886796875 0.30753138125
1 0.6143867921874999 0.5836820078125 0.5082547171875 0.589958159375 0.5212264156249999 0.9769874484375001 0.656839621875 0.966527196875 0.6143867921874999 0.5836820078125
1 0.25 0.9958159 0.3066037734375 0.6108786609375 0.1875 0.592050209375 0.125 0.9958159 0.25 0.9958159
1 0.0801886796875 0.56276150625 0.002358490625 0.9853556484375 0.1261792453125 0.9895397484374999 0.20165094374999998 0.5815899578125 0.0801886796875 0.56276150625
1 0.0908018875 0.3326359828125 0.18278301875 0.345188284375 0.2146226421875 0.18619246875 0.1285377359375 0.161087865625 0.0908018875 0.3326359828125
1 0.018867925 0.30543933125 0.088443396875 0.3242677828125 0.1261792453125 0.16527196718749998 0.0613207546875 0.154811715625 0.018867925 0.30543933125
0 0.41037735781249995 0.6150627609375 0.3066037734375 0.6171548109375 0.2535377359375 0.99372385 0.39150943437499997 0.9979079499999999 0.41037735781249995 0.6150627609375
0 0.511792453125 0.600418409375 0.40094339687499997 0.6087866109375 0.3926886796875 0.9874476984375 0.5247641515625 0.99372385 0.511792453125 0.600418409375
1 0.5566037734375 0.288702928125 0.6285377359375001 0.28661087812499997 0.5955188671875 0.1464435140625 0.5330188671875 0.148535565625 0.5566037734375 0.288702928125
0 0.706367925 0.56903765625 0.6073113203125 0.5815899578125 0.661556603125 0.9560669453124999 0.7853773578125 0.9456066953125 0.706367925 0.56903765625
0 0.8066037734375 0.5753138078125 0.7087264156249999 0.5857740578125 0.7794811328125 0.9456066953125 0.91391509375 0.9288702921875001 0.8066037734375 0.5753138078125
0 0.9068396218749999 0.56276150625 0.8042452828125001 0.5732217578125 0.9127358484375 0.9267782421874999 0.9988207546875 0.9121338906249999 0.9068396218749999 0.56276150625
0 0.478773584375 0.2928870296875 0.555424528125 0.28661087812499997 0.5341981125 0.156903765625 0.468160378125 0.158995815625 0.478773584375 0.2928870296875
0 0.40448113281250003 0.2991631796875 0.4752358484375 0.2928870296875 0.47051886718749997 0.16527196718749998 0.41155660312500003 0.17154811718750002 0.40448113281250003 0.2991631796875
0 0.2558962265625 0.30753138125 0.324292453125 0.3012552296875 0.34080188749999996 0.1757322171875 0.281839621875 0.1757322171875 0.2558962265625 0.30753138125
0 0.1768867921875 0.3242677828125 0.252358490625 0.32008368125 0.2771226421875 0.18828451875000002 0.208726415625 0.19037656875 0.1768867921875 0.3242677828125
0 0.6308962265625 0.28033472812500004 0.689858490625 0.276150628125 0.655660378125 0.14016736406250002 0.6002358484375 0.150627615625 0.6308962265625 0.28033472812500004