0 0.1810983828125 0.315301853125 0.2543800546875 0.315301853125 0.2804919140625 0.18380155468749998 0.21142183281250002 0.1912731609375 0.1810983828125 0.315301853125
0 0.2535377359375 0.31231320937499996 0.32934636093749997 0.30783024531250003 0.34198113281250003 0.179318590625 0.28133423281250003 0.1823072328125 0.2535377359375 0.31231320937499996
0 0.4059973046875 0.164375375 0.40178571406249997 0.29736999375 0.4742250671875 0.2928870296875 0.4708557953125 0.1613867296875 0.4059973046875 0.164375375
0 0.54834905625 0.2854154203125 0.5315026953124999 0.1539151234375 0.467486521875 0.1613867296875 0.476752021875 0.28989838749999997 0.54834905625 0.2854154203125
0 0.590464959375 0.1464435140625 0.6233153640625 0.27495516875 0.70165094375 0.27346085000000003 0.66374663125 0.143454871875 0.590464959375 0.1464435140625
0 0.4051549875 0.618649134375 0.38915094375 0.9892408843749999 0.523079515625 0.97429766875 0.507075471875 0.6066945609375 0.4051549875 0.618649134375
0 0.301549865625 0.6231320984375001 0.255222371875 0.99372385 0.38915094375 0.99372385 0.4051549875 0.6171548109375 0.301549865625 0.6231320984375001
0 0.705862534375 0.5977286312500001 0.6081536390625 0.6007172734374999 0.6536388140625 0.95786013125 0.78504043125 0.9369396296874999 0.705862534375 0.5977286312500001
0 0.80778301875 0.582785415625 0.704177896875 0.6022115968749999 0.7833557953125 0.9384339515625 0.91391509375 0.9279737015625 0.80778301875 0.582785415625
0 0.9988207546875 0.8248655109374999 0.8995956875 0.5603705921875 0.8035714281249999 0.5857740578125 0.912230459375 0.926479378125 0.9988207546875 0.910041840625 0.9988207546875 0.8248655109374999
1 0.299865228125 0.6276150625 0.186152290625 0.642558278125 0.12213611875 0.9907352078124999 0.255222371875 0.9907352078124999 0.299865228125 0.6276150625
1 0.0016846359375000002 0.9892408843749999 0.12466307343750001 0.9922295265625 0.1853099734375 0.6380753140625 0.0749663078125 0.635086671875 0.0016846359375000002 0.9892408843749999
1 0.0968665765625 0.32725642499999996 0.17604447343750002 0.321279140625 0.21142183281250002 0.186790196875 0.12971698125 0.18828451875000002 0.0968665765625 0.32725642499999996
1 0.0429582203125 0.32725642499999996 0.087601078125 0.328750746875 0.1305593 0.18828451875000002 0.0774932625 0.18828451875000002 0.0429582203125 0.32725642499999996
1 0.3327156328125 0.30633592187500003 0.40010107812499995 0.30035863749999997 0.4059973046875 0.1673640171875 0.337769540625 0.173341303125 0.3327156328125 0.30633592187500003
1 0.53318733125 0.15242080156249999 0.5517183296875 0.2794381359375 0.6224730453125 0.28093245625 0.5921495953125 0.1464435140625 0.53318733125 0.15242080156249999
1 0.6696428578125 0.1464435140625 0.7024932625 0.28093245625 0.779986521875 0.27346085000000003 0.7378706203125 0.13747758593749998 0.6696428578125 0.1464435140625
1 0.6115229109375 0.6022115968749999 0.5045485171874999 0.609683203125 0.520552559375 0.972803346875 0.651954178125 0.9638374187500001 0.6115229109375 0.6022115968749999