1 0.7075471703125 0.3242677828125 0.7841981125 0.31799163125 0.7393867921874999 0.1443514640625 0.6650943390624999 0.150627615625 0.7075471703125 0.3242677828125
1 0.60141509375 0.5711297078124999 0.4988207546875 0.5774058578125 0.50471698125 0.9686192468750001 0.6344339625 0.962343096875 0.60141509375 0.5711297078124999
1 0.094339621875 0.9769874484375001 0.22995282968750003 0.9748953968749999 0.2971698109375 0.5857740578125 0.180424528125 0.5753138078125 0.094339621875 0.9769874484375001
1 0 0.9790794984375 0.093160378125 0.9811715484375 0.1839622640625 0.5732217578125 0.056603773437500005 0.5460251046875 0 0.9790794984375
1 0.1002358484375 0.282426778125 0.175707546875 0.284518828125 0.21580188749999998 0.163179915625 0.1344339625 0.14016736406250002 0.1002358484375 0.282426778125
1 0.018867925 0.2594142265625 0.0966981125 0.278242678125 0.12971698125 0.14016736406250002 0.0683962265625 0.1234309625 0.018867925 0.2594142265625
1 0.333726415625 0.288702928125 0.40330188749999996 0.2907949796875 0.4127358484375 0.158995815625 0.3478773578125 0.148535565625 0.333726415625 0.288702928125
1 0.555424528125 0.2907949796875 0.6285377359375001 0.282426778125 0.6025943390624999 0.152719665625 0.5412735843750001 0.152719665625 0.555424528125 0.2907949796875
0 0.39858490625 0.594142259375 0.30188679218750003 0.592050209375 0.2275943390625 0.9832635984375001 0.37028301875 0.9769874484375001 0.39858490625 0.594142259375
0 0.49646226406249994 0.594142259375 0.40212264218750005 0.594142259375 0.3714622640625 0.9748953968749999 0.502358490625 0.972803346875 0.49646226406249994 0.594142259375
0 0.6981132078125001 0.596234309375 0.606132075 0.589958159375 0.6308962265625 0.970711296875 0.761792453125 0.9518828453125 0.6981132078125001 0.596234309375
0 0.8007075468749999 0.6025104609375 0.6981132078125001 0.598326359375 0.7653301890625 0.962343096875 0.8856132078125001 0.9560669453124999 0.8007075468749999 0.6025104609375
0 0.88915094375 0.589958159375 0.79834905625 0.6025104609375 0.88915094375 0.9644351468749999 0.9988207546875 0.9414225937499999 0.88915094375 0.589958159375
0 0.627358490625 0.2928870296875 0.6981132078125001 0.28661087812499997 0.66391509375 0.148535565625 0.6025943390624999 0.156903765625 0.627358490625 0.2928870296875
0 0.47641509375 0.2991631796875 0.5542452828125 0.2928870296875 0.5412735843750001 0.152719665625 0.47405660312500003 0.161087865625 0.47641509375 0.2991631796875
0 0.40330188749999996 0.2949790796875 0.4775943390625 0.2949790796875 0.47287735781249995 0.158995815625 0.4150943390625 0.158995815625 0.40330188749999996 0.2949790796875
0 0.29009433906250004 0.154811715625 0.2558962265625 0.284518828125 0.32900943437499997 0.2907949796875 0.34905660312500003 0.154811715625 0.29009433906250004 0.154811715625
0 0.21698113281250003 0.161087865625 0.1768867921875 0.28661087812499997 0.2488207546875 0.2970711296875 0.28301886718749997 0.1673640171875 0.21698113281250003 0.161087865625