0 0.3975741234375 0.609683203125 0.2914420484375 0.6066945609375 0.232479784375 0.9817692765625001 0.369777628125 0.9772863109375001 0.3975741234375 0.609683203125
0 0.49865229062500005 0.6081888828124999 0.393362534375 0.6066945609375 0.3672506734375 0.9757919890625001 0.5028638812499999 0.9638374187500001 0.49865229062500005 0.6081888828124999
0 0.6991239890625 0.60370591875 0.598045821875 0.6022115968749999 0.6351078171875 0.962343096875 0.76229784375 0.962343096875 0.6991239890625 0.60370591875
0 0.795148246875 0.6081888828124999 0.6957547171875 0.6066945609375 0.7648247984375 0.9608487734375 0.8928571421875 0.9503885234375 0.795148246875 0.6081888828124999
0 0.8928571421875 0.6022115968749999 0.7909366578125 0.609683203125 0.8894878703125 0.9533771671875 0.9988207546875 0.9294680203125001 0.8928571421875 0.6022115968749999
0 0.286388140625 0.15540944375000001 0.25690700781250003 0.2794381359375 0.3301886796875 0.2854154203125 0.347035040625 0.15540944375000001 0.286388140625 0.15540944375000001
0 0.21647574218750001 0.1539151234375 0.18025606562500002 0.28093245625 0.2543800546875 0.28392110000000004 0.286388140625 0.1539151234375 0.21647574218750001 0.1539151234375
0 0.41189353124999994 0.15242080156249999 0.406839621875 0.28392110000000004 0.4784366578125 0.28392110000000004 0.476752021875 0.15540944375000001 0.41189353124999994 0.15242080156249999
0 0.5500336921875 0.2913927078125 0.5407681953125001 0.15540944375000001 0.4775943390625 0.15540944375000001 0.4775943390625 0.28392110000000004 0.5500336921875 0.2913927078125
0 0.60141509375 0.15540944375000001 0.6275269546875 0.282426778125 0.6982816703125 0.2854154203125 0.6662735843750001 0.15242080156249999 0.60141509375 0.15540944375000001
1 0.5432951484374999 0.1539151234375 0.5517183296875 0.2928870296875 0.6266846359375 0.2854154203125 0.60141509375 0.15242080156249999 0.5432951484374999 0.1539151234375
1 0.331030996875 0.2854154203125 0.40178571406249997 0.2854154203125 0.4127358484375 0.1539151234375 0.3461927234375 0.1539151234375 0.331030996875 0.2854154203125
1 0.10528975781250001 0.27495516875 0.178571428125 0.282426778125 0.2147911046875 0.1539151234375 0.155828840625 0.1479378375 0.10528975781250001 0.27495516875
1 0.03706199375 0.2674835625 0.104447440625 0.27346085000000003 0.14824797812499999 0.15242080156249999 0.09012803124999999 0.1479378375 0.03706199375 0.2674835625
1 0.293126684375 0.609683203125 0.179413746875 0.6052002390625 0.095181940625 0.9847579203124999 0.23332210312499999 0.9847579203124999 0.293126684375 0.609683203125
1 0 0.9847579203124999 0.0977088953125 0.9847579203124999 0.1810983828125 0.6022115968749999 0.054750673437499994 0.58129109375 0 0.768081290625 0 0.9847579203124999
1 0.4978099734375 0.5932456671875 0.5028638812499999 0.9668260609375 0.635950134375 0.9698147046875001 0.6030997296875 0.6007172734374999 0.4978099734375 0.5932456671875
1 0.673854446875 0.1583980875 0.6999663078125 0.28989838749999997 0.77745956875 0.2913927078125 0.7446091640625 0.1583980875 0.673854446875 0.1583980875