0 0.3857816703125 0.609683203125 0.28217655 0.6022115968749999 0.22405660312500003 0.9832635984375001 0.36472371875 0.9683203828125 0.3857816703125 0.609683203125
0 0.48517520156250005 0.611177525 0.3840970359375 0.611177525 0.36472371875 0.962343096875 0.49696765468750004 0.94739988125 0.48517520156250005 0.611177525
0 0.5845687328125 0.58129109375 0.62584231875 0.9384339515625 0.7538746625 0.9190077703125 0.67890835625 0.56485355625 0.5845687328125 0.58129109375
0 0.8692722375 0.9040645546875 0.7715633421875 0.555887628125 0.67722371875 0.56485355625 0.7521900265625 0.9205020921875 0.8692722375 0.9040645546875
1 0.590464959375 0.5842797359375 0.48770215625 0.6156604890625 0.4961253375 0.948894203125 0.625 0.9399282718749999 0.590464959375 0.5842797359375
0 0.8684299187500001 0.9025702328125 0.9796159031249999 0.8801554093749999 0.8625336921875 0.5424387328125 0.766509434375 0.549910340625 0.8684299187500001 0.9025702328125
0 0.38830862499999996 0.140466228125 0.3832547171875 0.2674835625 0.45737870625 0.2704722046875 0.45400943437499997 0.13897190625 0.38830862499999996 0.140466228125
0 0.25859164375 0.1449491921875 0.2291105125 0.2764494921875 0.3074460921875 0.282426778125 0.3226078171875 0.143454871875 0.25859164375 0.1449491921875
0 0.186994609375 0.1449491921875 0.1499326140625 0.2869097421875 0.2291105125 0.28093245625 0.25690700781250003 0.1479378375 0.186994609375 0.1449491921875
0 0.454851753125 0.140466228125 0.4590633421875 0.26897788437500003 0.530660378125 0.265989240625 0.5180256062499999 0.13747758593749998 0.454851753125 0.140466228125
0 0.579514825 0.1315002984375 0.60899595625 0.2600119546875 0.6780660375 0.2600119546875 0.6426886796875 0.132994621875 0.579514825 0.1315002984375
1 0.156671159375 0.609683203125 0.0859164421875 0.99372385 0.2282681953125 0.9877465624999999 0.2796495953125 0.60370591875 0.156671159375 0.609683203125
1 0.3226078171875 0.143454871875 0.3066037734375 0.2779438140625 0.384939353125 0.27196652656250003 0.3899932625 0.1359832640625 0.3226078171875 0.143454871875
1 0.5197102421875 0.13448894218750002 0.53318733125 0.27346085000000003 0.6073113203125 0.26449491875 0.5786725078125 0.1255230125 0.5197102421875 0.13448894218750002
1 0.644373315625 0.132994621875 0.6805929921875 0.2555289890625 0.7564016171875 0.2570233109375 0.719339621875 0.1285116546875 0.644373315625 0.132994621875
1 0.0623315359375 0.288404065625 0.14487870625 0.28989838749999997 0.1853099734375 0.143454871875 0.10613207499999999 0.143454871875 0.0623315359375 0.288404065625
1 0.0867587609375 0.995218171875 0.154986521875 0.611177525 0.025269540624999996 0.6081888828124999 0.0016846359375000002 0.727734609375 0 0.9922295265625 0.0867587609375 0.995218171875