1 0.6875 0.2928870296875 0.7582547171875 0.288702928125 0.7158018875 0.1129707109375 0.643867925 0.1297071125 0.6875 0.2928870296875
1 0.545990565625 0.274058578125 0.6143867921874999 0.2677824265625 0.579009434375 0.12761506250000001 0.5176886796875 0.1234309625 0.545990565625 0.274058578125
1 0.3042452828125 0.282426778125 0.37971698125 0.28033472812500004 0.38915094375 0.1443514640625 0.3219339625 0.14016736406250002 0.3042452828125 0.282426778125
1 0.06721698125 0.288702928125 0.143867925 0.2949790796875 0.18278301875 0.150627615625 0.099056603125 0.1359832640625 0.06721698125 0.288702928125
1 0 0.26987447656249997 0.064858490625 0.2928870296875 0.093160378125 0.1359832640625 0.0283018875 0.11715481093749999 0 0.26987447656249997
1 0.2877358484375 0.5711297078124999 0.16391509375 0.5711297078124999 0.093160378125 0.9916317984375 0.22405660312500003 0.9979079499999999 0.2877358484375 0.5711297078124999
1 0.1768867921875 0.5543933046875 0.058962264062500006 0.5439330546875001 0 0.9874476984375 0.0872641515625 0.9979079499999999 0.1768867921875 0.5543933046875
1 0.593160378125 0.56276150625 0.49174528281249996 0.5711297078124999 0.5 0.93933054375 0.6285377359375001 0.9267782421874999 0.593160378125 0.56276150625
0 0.3844339625 0.5815899578125 0.28301886718749997 0.5711297078124999 0.23113207500000002 0.9790794984375 0.367924528125 0.966527196875 0.3844339625 0.5815899578125
0 0.492924528125 0.5794979078125 0.38561320781249997 0.589958159375 0.3655660375 0.9686192468750001 0.4988207546875 0.9456066953125 0.492924528125 0.5794979078125
0 0.6816037734375 0.5732217578125 0.5919811328125 0.5794979078125 0.6332547171875 0.93933054375 0.752358490625 0.910041840625 0.6816037734375 0.5732217578125
0 0.775943396875 0.56276150625 0.680424528125 0.5732217578125 0.7511792453125 0.9246861921875 0.8714622640625 0.9016736406250001 0.775943396875 0.56276150625
0 0.8691037734375 0.55648535625 0.7724056609375001 0.56485355625 0.875 0.9142259421875 0.9846698109375 0.8849372390625 0.8691037734375 0.55648535625
0 0.61084905625 0.2615062765625 0.6792452828125 0.2594142265625 0.6450471703125 0.1255230125 0.5837264156249999 0.1380753140625 0.61084905625 0.2615062765625
0 0.458726415625 0.26987447656249997 0.5341981125 0.26987447656249997 0.5200471703125 0.1359832640625 0.45400943437499997 0.14016736406250002 0.458726415625 0.26987447656249997
0 0.3844339625 0.26987447656249997 0.458726415625 0.26987447656249997 0.45518867968750004 0.1359832640625 0.3879716984375 0.1359832640625 0.3844339625 0.26987447656249997
0 0.22995282968750003 0.28033472812500004 0.3066037734375 0.278242678125 0.32311320781249997 0.1380753140625 0.252358490625 0.1422594140625 0.22995282968750003 0.28033472812500004
0 0.14858490625 0.2907949796875 0.2275943390625 0.282426778125 0.25 0.148535565625 0.17924528281250002 0.152719665625 0.14858490625 0.2907949796875