1 0.706367925 0.30334727968749997 0.781839621875 0.2949790796875 0.733490565625 0.11506276093750001 0.6521226421875 0.13389121406249999 0.706367925 0.30334727968749997
1 0.5542452828125 0.288702928125 0.625 0.28033472812500004 0.5908018875 0.1359832640625 0.5294811328125 0.1380753140625 0.5542452828125 0.288702928125
1 0.3254716984375 0.31589958125 0.39858490625 0.31171548125 0.40330188749999996 0.16527196718749998 0.343160378125 0.16527196718749998 0.3254716984375 0.31589958125
1 0.0955188671875 0.3221757328125 0.1721698109375 0.3221757328125 0.20636792499999998 0.18619246875 0.1191037734375 0.156903765625 0.0955188671875 0.3221757328125
1 0.0106132078125 0.2991631796875 0.093160378125 0.30543933125 0.122641509375 0.158995815625 0.0542452828125 0.152719665625 0.0106132078125 0.2991631796875
1 0.19575471718749998 0.5711297078124999 0.1191037734375 0.9874476984375 0.252358490625 0.9916317984375 0.30778301875 0.5836820078125 0.19575471718749998 0.5711297078124999
1 0 0.99372385 0.125 0.9979079499999999 0.20047169843749998 0.5732217578125 0.058962264062500006 0.5606694562500001 0 0.99372385
1 0.5 0.55857740625 0.5200471703125 0.966527196875 0.6544811328125 0.9560669453124999 0.613207546875 0.55648535625 0.5 0.55857740625
0 0.40330188749999996 0.6087866109375 0.29599056562500003 0.6087866109375 0.2511792453125 0.9916317984375 0.38561320781249997 0.99372385 0.40330188749999996 0.6087866109375
0 0.5035377359375001 0.596234309375 0.40330188749999996 0.6066945609375 0.386792453125 0.9832635984375001 0.5200471703125 0.9748953968749999 0.5035377359375001 0.596234309375
0 0.699292453125 0.56485355625 0.613207546875 0.56694560625 0.6544811328125 0.9476987453125 0.7771226421875 0.9309623437500001 0.699292453125 0.56485355625
0 0.7924528296875 0.5481171546875 0.6910377359375001 0.55857740625 0.780660378125 0.9351464437500001 0.9056603781250001 0.9184100421875 0.7924528296875 0.5481171546875
0 0.893867925 0.5397489546875 0.7877358484375 0.5481171546875 0.9068396218749999 0.9205020921875 0.9988207546875 0.8953974890625 0.893867925 0.5397489546875
0 0.6285377359375001 0.30543933125 0.7004716984375 0.2970711296875 0.6544811328125 0.1422594140625 0.593160378125 0.1422594140625 0.6285377359375001 0.30543933125
0 0.469339621875 0.161087865625 0.4775943390625 0.3012552296875 0.555424528125 0.3012552296875 0.5294811328125 0.148535565625 0.469339621875 0.161087865625
0 0.40330188749999996 0.3012552296875 0.47287735781249995 0.2970711296875 0.46580188749999996 0.154811715625 0.406839621875 0.161087865625 0.40330188749999996 0.3012552296875
0 0.27830188749999996 0.1778242671875 0.25 0.31799163125 0.3219339625 0.32008368125 0.33608490625 0.1778242671875 0.27830188749999996 0.1778242671875
0 0.208726415625 0.1778242671875 0.1780660375 0.31171548125 0.2464622640625 0.31799163125 0.27594339687499997 0.18200836874999998 0.208726415625 0.1778242671875