0 0.186994609375 0.31978481875 0.261960915625 0.31380753125 0.28891509375 0.18380155468749998 0.22068733125 0.1912731609375 0.186994609375 0.31978481875
0 0.26027628125 0.31380753125 0.3352425875 0.31231320937499996 0.34871967656249997 0.180812909375 0.2897574125 0.180812909375 0.26027628125 0.31380753125
0 0.41357816718749996 0.170352659375 0.4085242578125 0.30484160312499997 0.48012129375 0.29886431562500004 0.476752021875 0.164375375 0.41357816718749996 0.170352659375
0 0.4818059296875 0.29886431562500004 0.5584568734375 0.2913927078125 0.5357142859375 0.1583980875 0.47590970468749993 0.1598924078125 0.4818059296875 0.29886431562500004
0 0.6022574125 0.156903765625 0.629211590625 0.2869097421875 0.7075471703125 0.28989838749999997 0.6696428578125 0.14943215625 0.6022574125 0.156903765625
0 0.40936657656250003 0.6246264203125 0.3074460921875 0.6306037046874999 0.25859164375 0.99372385 0.391677896875 0.99372385 0.40936657656250003 0.6246264203125
0 0.5121293796875 0.61416616875 0.4085242578125 0.6246264203125 0.3908355796875 0.99372385 0.5239218328125 0.99372385 0.5121293796875 0.61416616875
0 0.7109164421874999 0.6022115968749999 0.6157345015625 0.6081888828124999 0.65532345 0.9698147046875001 0.789252021875 0.9593544546875 0.7109164421874999 0.6022115968749999
0 0.8170485171875 0.6052002390625 0.7109164421874999 0.6022115968749999 0.7909366578125 0.95786013125 0.9231805937500001 0.94739988125 0.8170485171875 0.6052002390625
0 0.9981469000000001 0.8129109390625 0.9164420484375 0.596234309375 0.811994609375 0.6052002390625 0.9198113203125 0.948894203125 0.9988207546875 0.932456665625 0.9981469000000001 0.8129109390625
1 0.6165768203125 0.6081888828124999 0.5087601078125 0.6201434546875 0.5247641515625 0.9817692765625001 0.6612196765625 0.9668260609375 0.6165768203125 0.6081888828124999
1 0.1238207546875 0.9922295265625 0.2594339625 0.99372385 0.30913072812500003 0.63359235 0.193733153125 0.6320980265625 0.1238207546875 0.9922295265625
1 0.0033692718750000005 0.9877465624999999 0.12803234531250002 0.995218171875 0.195417790625 0.63359235 0.0774932625 0.6201434546875 0.0033692718750000005 0.9877465624999999
1 0.103605121875 0.32725642499999996 0.186152290625 0.32277346093750003 0.2198450125 0.189778840625 0.1516172515625 0.195756128125 0.103605121875 0.32725642499999996
1 0.05390835625 0.3257621046875 0.10528975781250001 0.3257621046875 0.1499326140625 0.1972504484375 0.0977088953125 0.2002390921875 0.05390835625 0.3257621046875
1 0.3335579515625 0.31380753125 0.40431266875 0.30633592187500003 0.41105121406249995 0.173341303125 0.3478773578125 0.179318590625 0.3335579515625 0.31380753125
1 0.5584568734375 0.2854154203125 0.628369271875 0.28392110000000004 0.6030997296875 0.15242080156249999 0.537398921875 0.1598924078125 0.5584568734375 0.2854154203125
1 0.670485175 0.1598924078125 0.7100741234375 0.29886431562500004 0.7841981125 0.2943813515625 0.742924528125 0.1449491921875 0.670485175 0.1598924078125