1 0.6969339625 0.31589958125 0.7747641515625 0.30543933125 0.7287735843750001 0.1317991625 0.661556603125 0.1422594140625 0.6969339625 0.31589958125
1 0.5448113203125 0.27196652656250003 0.6167452828125 0.2677824265625 0.5908018875 0.1359832640625 0.5294811328125 0.1380753140625 0.5448113203125 0.27196652656250003
1 0.3160377359375 0.276150628125 0.38915094375 0.28033472812500004 0.3997641515625 0.14016736406250002 0.33490566093749996 0.13389121406249999 0.3160377359375 0.276150628125
1 0.07665094375 0.2677824265625 0.1544811328125 0.27196652656250003 0.194575471875 0.1443514640625 0.1191037734375 0.12133891249999999 0.07665094375 0.2677824265625
1 0 0.24476987499999997 0.07665094375 0.25523012500000003 0.11320754687500001 0.11924686250000001 0.045990565625 0.10041840937499999 0 0.24476987499999997
1 0.17452830156250002 0.537656903125 0.0825471703125 0.9790794984375 0.22169811250000002 0.9748953968749999 0.28301886718749997 0.5418410046875 0.17452830156250002 0.537656903125
1 0.488207546875 0.9560669453124999 0.6167452828125 0.9456066953125 0.6002358484375 0.5460251046875 0.4870283015625 0.56485355625 0.488207546875 0.9560669453124999
1 0 0.972803346875 0.07900943437499999 0.9769874484375001 0.17452830156250002 0.537656903125 0.043632075 0.5188284515625 0 0.972803346875
0 0.2228773578125 0.972803346875 0.3549528296875 0.962343096875 0.3844339625 0.5753138078125 0.27594339687499997 0.5732217578125 0.2228773578125 0.972803346875
0 0.48584905625 0.5711297078124999 0.38561320781249997 0.5815899578125 0.3620283015625 0.9518828453125 0.492924528125 0.9476987453125 0.48584905625 0.5711297078124999
0 0.6816037734375 0.5439330546875001 0.5966981125 0.5502092046875 0.6214622640624999 0.94351464375 0.75 0.93305439375 0.6816037734375 0.5439330546875001
0 0.7747641515625 0.5397489546875 0.6792452828125 0.5418410046875 0.7511792453125 0.9288702921875001 0.8691037734375 0.9163179921875001 0.7747641515625 0.5397489546875
0 0.8596698109375 0.535564853125 0.7724056609375001 0.5418410046875 0.87028301875 0.9163179921875001 0.9834905656249999 0.899581590625 0.8596698109375 0.535564853125
0 0.393867925 0.2677824265625 0.4622641515625 0.2677824265625 0.4622641515625 0.1422594140625 0.3997641515625 0.1443514640625 0.393867925 0.2677824265625
0 0.46698113281250003 0.26987447656249997 0.543632075 0.26987447656249997 0.530660378125 0.1317991625 0.46580188749999996 0.13389121406249999 0.46698113281250003 0.26987447656249997
0 0.6214622640624999 0.26987447656249997 0.6863207546875 0.27196652656250003 0.655660378125 0.12761506250000001 0.5908018875 0.1317991625 0.6214622640624999 0.26987447656249997
0 0.2405660375 0.26359832656250004 0.314858490625 0.27196652656250003 0.331367925 0.1422594140625 0.2700471703125 0.14016736406250002 0.2405660375 0.26359832656250004
0 0.1544811328125 0.2677824265625 0.238207546875 0.2656903765625 0.2700471703125 0.14016736406250002 0.1969339625 0.14016736406250002 0.1544811328125 0.2677824265625