1 0.699292453125 0.3012552296875 0.7724056609375001 0.2949790796875 0.7299528296875 0.1317991625 0.661556603125 0.1464435140625 0.699292453125 0.3012552296875
1 0.6037735843750001 0.55648535625 0.4905660375 0.56903765625 0.49646226406249994 0.9518828453125 0.625 0.9414225937499999 0.6037735843750001 0.55648535625
1 0.0908018875 0.9769874484375001 0.2275943390625 0.970711296875 0.28655660312500003 0.5815899578125 0.17334905625000002 0.56903765625 0.0908018875 0.9769874484375001
1 0.31721698125 0.2656903765625 0.3950471703125 0.276150628125 0.39858490625 0.1380753140625 0.33608490625 0.1317991625 0.31721698125 0.2656903765625
1 0.54834905625 0.276150628125 0.6167452828125 0.274058578125 0.5896226421875 0.1255230125 0.5330188671875 0.13389121406249999 0.54834905625 0.276150628125
1 0.16391509375 0.282426778125 0.199292453125 0.1443514640625 0.125 0.11924686250000001 0.07665094375 0.27196652656250003 0.16391509375 0.282426778125
1 0 0.2594142265625 0.06957547187499999 0.274058578125 0.1191037734375 0.11506276093750001 0.0471698109375 0.1025104609375 0 0.2594142265625
1 0 0.9895397484374999 0.0896226421875 0.9874476984375 0.17452830156250002 0.56276150625 0.055424528125000004 0.5460251046875 0 0.9895397484374999
0 0.469339621875 0.274058578125 0.545990565625 0.27196652656250003 0.5353773578125 0.13389121406249999 0.46108490625 0.14016736406250002 0.469339621875 0.274058578125
0 0.393867925 0.274058578125 0.46580188749999996 0.26987447656249997 0.4622641515625 0.1443514640625 0.40212264218750005 0.1422594140625 0.393867925 0.274058578125
0 0.396226415625 0.26987447656249997 0.46580188749999996 0.26987447656249997 0.4622641515625 0.1422594140625 0.3997641515625 0.14016736406250002 0.396226415625 0.26987447656249997
0 0.39150943437499997 0.592050209375 0.28419811250000004 0.589958159375 0.2275943390625 0.9644351468749999 0.367924528125 0.962343096875 0.39150943437499997 0.592050209375
0 0.49528301875 0.5794979078125 0.3950471703125 0.589958159375 0.37028301875 0.9560669453124999 0.497641509375 0.9497907953125001 0.49528301875 0.5794979078125
0 0.6875 0.5815899578125 0.594339621875 0.5774058578125 0.6261792453125 0.9414225937499999 0.7535377359375001 0.93723849375 0.6875 0.5815899578125
0 0.7841981125 0.5732217578125 0.6875 0.5815899578125 0.757075471875 0.9351464437500001 0.8785377359375 0.9267782421874999 0.7841981125 0.5732217578125
0 0.9905660375 0.905857740625 0.87971698125 0.56694560625 0.7841981125 0.5753138078125 0.87971698125 0.9246861921875 0.9905660375 0.905857740625
0 0.168632075 0.276150628125 0.242924528125 0.26987447656249997 0.2700471703125 0.14016736406250002 0.1981132078125 0.1359832640625 0.168632075 0.276150628125
0 0.314858490625 0.27196652656250003 0.3396226421875 0.1380753140625 0.2676886796875 0.1380753140625 0.242924528125 0.27196652656250003 0.314858490625 0.27196652656250003
0 0.617924528125 0.274058578125 0.69221698125 0.274058578125 0.6603773578125 0.1422594140625 0.5966981125 0.1380753140625 0.617924528125 0.274058578125