1 0.6002358484375 0.56485355625 0.492924528125 0.5794979078125 0.502358490625 0.9456066953125 0.636792453125 0.9309623437500001 0.6002358484375 0.56485355625
1 0.28891509375 0.6025104609375 0.16981132031249999 0.5815899578125 0.10141509374999999 0.9853556484375 0.2346698109375 0.9874476984375 0.28891509375 0.6025104609375
1 0.314858490625 0.26987447656249997 0.3879716984375 0.274058578125 0.393867925 0.1464435140625 0.32665094375 0.1464435140625 0.314858490625 0.26987447656249997
1 0.53891509375 0.2615062765625 0.6143867921874999 0.26359832656250004 0.5801886796875 0.12761506250000001 0.5224056609375001 0.13389121406249999 0.53891509375 0.2615062765625
1 0.6957547171875 0.28033472812500004 0.76415094375 0.276150628125 0.7146226421875 0.1129707109375 0.656839621875 0.13389121406249999 0.6957547171875 0.28033472812500004
1 0.1591981125 0.288702928125 0.1910377359375 0.161087865625 0.1285377359375 0.1380753140625 0.0801886796875 0.282426778125 0.1591981125 0.288702928125
1 0.0011792453125 0.28033472812500004 0.074292453125 0.2907949796875 0.1308962265625 0.13389121406249999 0.0341981125 0.14016736406250002 0.0011792453125 0.28033472812500004
1 0.17452830156250002 0.5836820078125 0.053066037499999996 0.5418410046875 0 0.9518828453125 0.1002358484375 0.9769874484375001 0.17452830156250002 0.5836820078125
0 0.1603773578125 0.284518828125 0.233490565625 0.284518828125 0.26415094375 0.161087865625 0.1910377359375 0.158995815625 0.1603773578125 0.284518828125
0 0.238207546875 0.28033472812500004 0.3113207546875 0.274058578125 0.324292453125 0.152719665625 0.2676886796875 0.152719665625 0.238207546875 0.28033472812500004
0 0.38915094375 0.27196652656250003 0.46344339687499997 0.2677824265625 0.45400943437499997 0.1422594140625 0.393867925 0.1422594140625 0.38915094375 0.27196652656250003
0 0.613207546875 0.26359832656250004 0.685141509375 0.26359832656250004 0.6533018875 0.1255230125 0.5872641515625 0.1359832640625 0.613207546875 0.26359832656250004
0 0.49174528281249996 0.5815899578125 0.3903301890625 0.589958159375 0.367924528125 0.9644351468749999 0.502358490625 0.94351464375 0.49174528281249996 0.5815899578125
0 0.39150943437499997 0.594142259375 0.2877358484375 0.594142259375 0.22995282968750003 0.9790794984375 0.3714622640625 0.9581589953125 0.39150943437499997 0.594142259375
0 0.7558962265625 0.9163179921875001 0.685141509375 0.56903765625 0.5955188671875 0.56485355625 0.63915094375 0.9309623437500001 0.7558962265625 0.9163179921875001
0 0.8844339625 0.905857740625 0.7783018875 0.5481171546875 0.680424528125 0.56485355625 0.7629716984375 0.9267782421874999 0.8844339625 0.905857740625
0 0.9929245281249999 0.8765690375 0.8691037734375 0.537656903125 0.7794811328125 0.5523012546875 0.8808962265625 0.910041840625 0.9929245281249999 0.8765690375
0 0.46344339687499997 0.2615062765625 0.53891509375 0.2615062765625 0.52358490625 0.12761506250000001 0.45518867968750004 0.1359832640625 0.46344339687499997 0.2615062765625