1 0.6886792453125 0.31589958125 0.7712264156249999 0.2970711296875 0.7158018875 0.11506276093750001 0.643867925 0.1297071125 0.6886792453125 0.31589958125
1 0.5330188671875 0.276150628125 0.6049528296875 0.2656903765625 0.5731132078125001 0.13389121406249999 0.511792453125 0.1359832640625 0.5330188671875 0.276150628125
1 0.3042452828125 0.2928870296875 0.377358490625 0.288702928125 0.386792453125 0.1443514640625 0.32311320781249997 0.1380753140625 0.3042452828125 0.2928870296875
1 0.5872641515625 0.5606694562500001 0.48466981093749995 0.56485355625 0.49410377343749995 0.94351464375 0.627358490625 0.9309623437500001 0.5872641515625 0.5606694562500001
1 0.1591981125 0.56903765625 0.088443396875 0.9979079499999999 0.21933962187499997 0.9979079499999999 0.27948113281250003 0.56903765625 0.1591981125 0.56903765625
1 0 0.9979079499999999 0.0849056609375 0.9979079499999999 0.16391509375 0.56903765625 0.029481132812499998 0.55648535625 0 0.9979079499999999
1 0.14150943437500002 0.3012552296875 0.17924528281250002 0.150627615625 0.0896226421875 0.1317991625 0.0471698109375 0.30334727968749997 0.14150943437500002 0.3012552296875
1 0.037735848437500004 0.30753138125 0.088443396875 0.13389121406249999 0.0200471703125 0.1234309625 0.0035377359375 0.3012552296875 0.037735848437500004 0.30753138125
0 0.14740566093750002 0.2928870296875 0.2228773578125 0.288702928125 0.2582547171875 0.156903765625 0.17334905625000002 0.150627615625 0.14740566093750002 0.2928870296875
0 0.30188679218750003 0.288702928125 0.3183962265625 0.1422594140625 0.25471698125 0.1443514640625 0.2275943390625 0.282426778125 0.30188679218750003 0.288702928125
0 0.382075471875 0.274058578125 0.45400943437499997 0.276150628125 0.4504716984375 0.1443514640625 0.3903301890625 0.1464435140625 0.382075471875 0.274058578125
0 0.5341981125 0.27196652656250003 0.511792453125 0.1359832640625 0.449292453125 0.1443514640625 0.458726415625 0.274058578125 0.5341981125 0.27196652656250003
0 0.608490565625 0.2677824265625 0.6721698109375 0.26359832656250004 0.641509434375 0.1317991625 0.5778301890625 0.1317991625 0.608490565625 0.2677824265625
0 0.48231132031249996 0.587866109375 0.38561320781249997 0.600418409375 0.3620283015625 0.9748953968749999 0.49410377343749995 0.9560669453124999 0.48231132031249996 0.587866109375
0 0.382075471875 0.596234309375 0.27358490625 0.600418409375 0.22051886718749997 0.9874476984375 0.36084905625 0.972803346875 0.382075471875 0.596234309375
0 0.6816037734375 0.56485355625 0.5908018875 0.5732217578125 0.6285377359375001 0.93305439375 0.75 0.9225941421874999 0.6816037734375 0.56485355625
0 0.7712264156249999 0.5523012546875 0.6816037734375 0.56485355625 0.7488207546875 0.9142259421875 0.8655660375 0.9016736406250001 0.7712264156249999 0.5523012546875
0 0.8655660375 0.5397489546875 0.7712264156249999 0.5523012546875 0.8714622640625 0.9016736406250001 0.978773584375 0.8807531375 0.8655660375 0.5397489546875