1 0.675707546875 0.30334727968749997 0.7700471703125 0.3012552296875 0.718160378125 0.11506276093750001 0.63915094375 0.12761506250000001 0.675707546875 0.30334727968749997
1 0.5341981125 0.288702928125 0.608490565625 0.278242678125 0.579009434375 0.12761506250000001 0.5094339625 0.1359832640625 0.5341981125 0.288702928125
1 0.3844339625 0.2991631796875 0.3844339625 0.1464435140625 0.3183962265625 0.14016736406250002 0.3066037734375 0.3012552296875 0.3844339625 0.2991631796875
1 0.13797169843749998 0.30334727968749997 0.18278301875 0.156903765625 0.094339621875 0.1297071125 0.050707546874999995 0.30753138125 0.13797169843749998 0.30334727968749997
1 0 0.28033472812500004 0.055424528125000004 0.288702928125 0.0896226421875 0.1297071125 0.029481132812499998 0.11506276093750001 0 0.28033472812500004
1 0.1580188671875 0.5523012546875 0.0849056609375 0.9853556484375 0.22405660312500003 0.9979079499999999 0.281839621875 0.5794979078125 0.1580188671875 0.5523012546875
1 0.48349056562500003 0.535564853125 0.49174528281249996 0.9518828453125 0.62971698125 0.94351464375 0.5955188671875 0.5502092046875 0.48349056562500003 0.535564853125
1 0.081367925 0.9979079499999999 0.168632075 0.55857740625 0.007075471875 0.533472803125 0 0.9979079499999999 0.081367925 0.9979079499999999
0 0.280660378125 0.592050209375 0.22523584843750002 0.9853556484375 0.363207546875 0.9790794984375 0.3808962265625 0.598326359375 0.280660378125 0.592050209375
0 0.47995282968749997 0.5857740578125 0.3844339625 0.596234309375 0.367924528125 0.972803346875 0.49528301875 0.9539748953125 0.47995282968749997 0.5857740578125
0 0.6768867921874999 0.56694560625 0.5908018875 0.5606694562500001 0.6285377359375001 0.94351464375 0.747641509375 0.9184100421875 0.6768867921874999 0.56694560625
0 0.7676886796875 0.55857740625 0.6745283015625 0.56276150625 0.75 0.9267782421874999 0.8632075468749999 0.903765690625 0.7676886796875 0.55857740625
0 0.86084905625 0.5481171546875 0.766509434375 0.55857740625 0.87028301875 0.905857740625 0.97641509375 0.8891213390624999 0.86084905625 0.5481171546875
0 0.6049528296875 0.284518828125 0.675707546875 0.284518828125 0.6450471703125 0.1380753140625 0.57665094375 0.1359832640625 0.6049528296875 0.284518828125
0 0.4599056609375 0.288702928125 0.530660378125 0.284518828125 0.511792453125 0.1422594140625 0.45283018906250005 0.1422594140625 0.4599056609375 0.288702928125
0 0.3844339625 0.2991631796875 0.45400943437499997 0.2928870296875 0.449292453125 0.1464435140625 0.3903301890625 0.150627615625 0.3844339625 0.2991631796875
0 0.2323113203125 0.278242678125 0.30778301875 0.278242678125 0.3207547171875 0.1464435140625 0.2629716984375 0.1464435140625 0.2323113203125 0.278242678125
0 0.185141509375 0.156903765625 0.14858490625 0.2907949796875 0.22169811250000002 0.2991631796875 0.25471698125 0.161087865625 0.185141509375 0.156903765625