1 0.30778301875 0.27196652656250003 0.382075471875 0.276150628125 0.3879716984375 0.14016736406250002 0.3219339625 0.14016736406250002 0.30778301875 0.27196652656250003
1 0.5330188671875 0.26359832656250004 0.6049528296875 0.2594142265625 0.579009434375 0.11924686250000001 0.5176886796875 0.1297071125 0.5330188671875 0.26359832656250004
1 0.6957547171875 0.2970711296875 0.7594339625 0.2907949796875 0.7169811328125 0.11506276093750001 0.6474056609375001 0.1317991625 0.6957547171875 0.2970711296875
1 0.5908018875 0.5523012546875 0.4905660375 0.5543933046875 0.497641509375 0.9456066953125 0.627358490625 0.9288702921875001 0.5908018875 0.5523012546875
1 0.27830188749999996 0.596234309375 0.16391509375 0.5857740578125 0.0872641515625 0.9874476984375 0.2275943390625 0.9832635984375001 0.27830188749999996 0.596234309375
1 0.16391509375 0.5753138078125 0.036556603124999996 0.55648535625 0 0.970711296875 0.0896226421875 0.9874476984375 0.16391509375 0.5753138078125
1 0.058962264062500006 0.28033472812500004 0.1521226421875 0.28033472812500004 0.1863207546875 0.148535565625 0.10141509374999999 0.12133891249999999 0.058962264062500006 0.28033472812500004
1 0 0.282426778125 0.055424528125000004 0.284518828125 0.099056603125 0.11924686250000001 0.029481132812499998 0.11506276093750001 0 0.282426778125
0 0.3844339625 0.589958159375 0.280660378125 0.598326359375 0.2275943390625 0.972803346875 0.363207546875 0.962343096875 0.3844339625 0.589958159375
0 0.4893867921875 0.5753138078125 0.3832547171875 0.587866109375 0.3655660375 0.966527196875 0.49646226406249994 0.94351464375 0.4893867921875 0.5753138078125
0 0.680424528125 0.56694560625 0.5908018875 0.5711297078124999 0.6308962265625 0.9456066953125 0.752358490625 0.9184100421875 0.680424528125 0.56694560625
0 0.775943396875 0.56276150625 0.680424528125 0.5732217578125 0.7511792453125 0.9267782421874999 0.8667452828125001 0.905857740625 0.775943396875 0.56276150625
0 0.8643867921874999 0.5481171546875 0.7747641515625 0.56276150625 0.8738207546875 0.905857740625 0.981132075 0.8828451890625001 0.8643867921874999 0.5481171546875
0 0.6096698109375 0.25523012500000003 0.680424528125 0.25523012500000003 0.6474056609375001 0.1255230125 0.5837264156249999 0.12761506250000001 0.6096698109375 0.25523012500000003
0 0.4599056609375 0.2677824265625 0.5330188671875 0.26359832656250004 0.518867925 0.12761506250000001 0.45165094375 0.13389121406249999 0.4599056609375 0.2677824265625
0 0.38561320781249997 0.27196652656250003 0.458726415625 0.26987447656249997 0.45283018906250005 0.1380753140625 0.38915094375 0.1422594140625 0.38561320781249997 0.27196652656250003
0 0.23113207500000002 0.278242678125 0.3042452828125 0.274058578125 0.3207547171875 0.1464435140625 0.261792453125 0.148535565625 0.23113207500000002 0.278242678125
0 0.1497641515625 0.276150628125 0.23113207500000002 0.284518828125 0.26061320781249997 0.150627615625 0.1839622640625 0.1464435140625 0.1497641515625 0.276150628125